I,-0.241442813254,-0.0794257225071,0.13111745452,-0.511373970735,-0.472511490349,-0.457053760553,-0.534039749083,8
M,0.0916725066344,0.22290833847,0.0115632943956,-0.228911320243,-0.332831820392,-0.192457944355,-0.167623601093,8
M,0.632984901453,0.877965470587,0.848442415268,0.962122527319,1.1721039785,0.943479266563,0.644239628767,11
I,-0.699476378101,-0.633704834298,-0.944869986602,-0.943735572933,-1.06952943452,-0.822013507033,-0.85375579978,13
I,-0.616197548128,-0.734482854624,-0.705761666353,-0.834625451623,-0.803687482021,-0.872195472174,-0.749578659666,7
F,1.46577320117,1.38185557222,-0.227545025854,1.48319983563,1.41091115617,1.76463869614,-0.314908523324,12
F,1.42413378619,1.43224458238,0.489779934894,1.64737487797,1.50778576598,1.09402516199,1.4453259131,13
I,-0.782755208073,-0.684093844461,-0.705761666353,-0.946794735212,-0.902814989732,-0.867633475343,-0.961525255072,7
I,-1.15750994295,-1.08720592576,-1.18397830685,-1.06202318108,-0.932102662465,-1.13679128837,-1.11599480766,8
M,0.13331192162,0.0717413079814,0.13111745452,-0.180984444528,-0.431959328103,-0.114903998228,0.0443229943128,12
M,0.799542561397,0.827576460424,0.489779934894,0.420650803813,0.363313631491,0.656073466211,0.331708208423,11
F,1.0910184663,0.827576460424,0.489779934894,0.765316420659,0.838675088925,0.738189409168,0.601131846651,9
M,0.632984901453,0.626020419773,0.489779934894,0.744922005461,0.915273617611,1.13052113663,0.177238655839,10
M,-0.449639888184,-0.381759783484,0.967996575393,-0.650055994082,-0.756376626068,-0.475301747877,-0.548409009789,9
M,0.632984901453,0.525242399447,0.37022577477,-0.332922837753,-0.335084718294,-0.288259877806,0.216754122779,11
F,0.966100221341,1.1299105214,0.848442415268,0.85505184753,0.293473796512,0.719941421845,1.73271112721,12
I,0.00839367666226,-0.0794257225071,-0.227545025854,-0.373711668149,-0.154852886092,-0.511797722525,-0.494524282143,8
M,0.341508996551,0.374075368959,0.250671614645,-0.0667757194192,0.0186202524034,0.0310799003638,-0.142477394859,8
F,-0.741115793087,-0.734482854624,-0.705761666353,-0.915183391656,-0.855504133779,-0.863071478512,-0.925602103308,9
F,-0.741115793087,-0.83526087495,-0.705761666353,-0.806073270346,-0.817204869436,-0.749021557737,-0.602293737434,7
M,0.716263731425,0.726798440098,0.609334095019,0.845874360691,0.892744638586,0.79293337114,0.956771049112,8
I,-1.40734643286,-1.38953998674,-0.944869986602,-1.23027710646,-1.12359898418,-1.26452719964,-1.25609509953,7
F,0.216590751592,0.172519328307,0.0115632943956,0.251377157669,0.586350523842,0.126881833815,-0.146069710035,7
I,-0.532918718156,-0.583315824136,-0.586207506228,-0.842783217703,-0.808193277826,-0.753583554568,-0.871717375662,7
I,-1.11587052796,-1.18798394609,-1.18397830685,-1.13034447199,-1.01095408905,-1.23259322182,-1.1555102746,8
M,-0.616197548128,-0.532926813973,-0.466653346103,-0.883572048099,-0.956884539393,-0.949749418301,-0.674140040962,9
F,1.13265788129,1.58341161287,1.32665905577,1.90026562643,1.49877417437,1.3312489972,1.87640373426,16
I,-0.116524568296,-0.12981473267,0.37022577477,-0.589892469248,-0.508557856789,-0.657781621117,-0.516078173201,8
F,0.341508996551,0.424464379121,0.13111745452,0.0423344018901,0.279956409097,-0.110342001397,-0.0993696127421,8
M,-0.199803398268,-0.180203742833,-0.107990865729,-0.0963476214562,0.00735576289077,-0.210705931679,-0.00237710298001,9
F,1.88216735103,1.63380062303,1.68532153614,2.87002006909,3.37769102508,3.09217977396,2.19971210014,11
F,0.508066656495,0.57563140961,0.0115632943956,0.161641730798,0.0974716789921,-0.174209957031,0.547247119005,13
I,-0.574558133142,-0.48253780381,-0.586207506228,-0.758146394631,-0.679778097382,-0.867633475343,-0.659770780256,10
I,-0.449639888184,-0.532926813973,-0.466653346103,-0.938636969133,-1.0515062513,-0.885881462667,-0.73520939896,6
M,0.258230166579,0.374075368959,-0.107990865729,0.0148019413728,-0.105289132236,-0.165085963369,0.259861904895,13
I,-1.28242818791,-1.33915097658,-1.4230866271,-1.21600101583,-1.20019751287,-1.13679128837,-1.19861805671,6
F,0.424787826523,0.273297348633,0.250671614645,0.411473316974,0.455682445495,0.341295684872,0.870555484879,8
F,0.882821391369,0.978743490913,1.32665905577,0.973339455678,0.705754112676,1.36774497185,0.97832494017,9
F,0.508066656495,0.525242399447,0.609334095019,0.467557958768,0.570580238524,0.633263482056,0.396369881597,9
M,1.54905203115,1.33146656205,0.609334095019,2.30509476811,1.83445596184,0.733627412337,3.88810023303,18
M,-0.324721643226,-0.432148793647,0.37022577477,0.408414154694,0.288968000707,0.437097618323,0.5328778583,8
M,-0.408000473198,-0.381759783484,-0.347099185979,-0.354336973711,-0.42069483859,-0.0738460267491,-0.386754826852,10
I,-0.28308222824,-0.280981763159,-0.466653346103,-0.611306605205,-0.643731730941,-0.379499814426,-0.602293737434,11
F,-0.532918718156,-0.784871864787,0.250671614645,-0.604168559886,-0.679778097382,-0.000854077453158,-0.817832648017,10
I,0.757903146411,0.525242399447,1.20710489564,0.483873490927,0.334025958758,0.414287634168,0.655016574296,13
M,-1.11587052796,-1.28876196642,-0.347099185979,-0.539926152013,-0.2517274959,-0.776393538723,-0.688509301667,7
M,0.632984901453,0.474853389284,0.728888255144,0.739823401661,1.51679735759,0.537461548605,0.00839984254911,8
I,0.0916725066344,-0.180203742833,-0.347099185979,-0.46854569882,-0.449982511323,-0.288259877806,-0.501708912496,9
F,-0.532918718156,-0.583315824136,-0.586207506228,-0.792816900468,-0.763135319775,-0.712525583089,-0.781909496253,8
F,1.04937905131,1.07952151124,1.32665905577,1.1660666793,0.721524397994,1.63690278488,1.4453259131,13
I,-1.61554350779,-1.4399289969,-1.30353246698,-1.2904406313,-1.27003734785,-1.36945312675,-1.39619539141,6
I,0.632984901453,0.374075368959,0.848442415268,0.465518517248,0.106483270602,0.323047697548,0.834632333115,16
I,-0.741115793087,-0.784871864787,-1.06442414673,-0.888670651898,-0.632467241428,-0.963435408794,-1.08007165589,6
M,0.757903146411,0.92835448075,0.728888255144,0.459400192689,0.563821544816,0.432535621492,0.40355451195,10
M,-2.73980771242,-2.64926524081,-2.14041158785,-1.62490904055,-1.57417856469,-1.57474298415,-1.62969587788,4
M,1.04937905131,1.02913250108,0.848442415268,1.25886126845,1.30277205685,0.820305352126,1.51717221663,12
I,-0.0332457383238,-0.230592752996,-0.586207506228,-0.505255646176,-0.468005694544,-0.224391922172,-0.688509301667,10
I,-1.32406760289,-1.49031800707,-0.586207506228,-1.24557291786,-1.19794461496,-1.24171721548,-1.21298731742,9
I,0.00839367666226,-0.0794257225071,0.0115632943956,-0.46446681578,-0.436465123908,-0.475301747877,-0.397531772381,9
M,-0.28308222824,-0.180203742833,0.250671614645,-0.521571178334,-0.605432466598,-0.516359719356,-0.494524282143,21
I,-0.408000473198,-0.583315824136,-0.705761666353,-0.759166115391,-0.691042586894,-0.744459560906,-0.781909496253,6
M,0.591345486467,0.676409429936,0.489779934894,0.996793033156,0.219128165729,0.487279583464,2.45117416248,21
F,-0.449639888184,-0.48253780381,-0.944869986602,-0.730613934114,-0.88253890861,-0.835699497526,-0.720840138255,8
I,-0.616197548128,-0.532926813973,-0.825315826477,-0.783639413629,-0.73159474914,-0.799203522878,-0.756763290018,8
F,1.3824943712,1.33146656205,1.08755073552,1.51481117918,1.50553286807,1.25369505107,1.66086482368,15
I,0.0500330916483,-0.0290367123443,-0.466653346103,-0.401244128666,-0.395912961663,-0.297383871468,-0.36879325097,9
F,1.63233086112,1.43224458238,1.32665905577,2.53759110136,3.20872368239,2.2436483634,1.88718067979,9
F,0.799542561397,0.777187450261,0.37022577477,0.745941726221,0.680972235748,0.824867348957,0.813078442057,9
F,1.75724910608,1.58341161287,2.04398401652,2.46417120665,2.30080582767,3.04655980565,2.36136628307,13
F,-0.0332457383238,-0.0290367123443,-0.347099185979,-0.377790551189,-0.531086835815,-0.0647220330871,-0.207139068033,12
I,-1.28242818791,-1.28876196642,-0.944869986602,-1.2394545933,-1.09431131145,-1.4059491014,-1.25968741471,6
M,0.716263731425,0.626020419773,0.37022577477,0.415552200013,0.62014399238,0.336733688041,0.28500811113,9
I,-1.65718292278,-1.59109602739,-2.02085742772,-1.35162387689,-1.27679604155,-1.18241125668,-1.39260307624,5
F,-0.616197548128,-0.280981763159,0.609334095019,-0.0249671682633,-0.492787571471,0.0995098528288,0.188015601368,23
I,-0.158163983282,-0.532926813973,-0.347099185979,-0.46446681578,-0.492787571471,-0.548293697173,-0.386754826852,8
I,0.966100221341,0.827576460424,-0.107990865729,0.5532145026,0.579591830134,0.637825478887,0.385592936068,10
I,-0.408000473198,-0.48253780381,0.13111745452,-0.400224407906,-0.346349207807,-0.39774780175,-0.350831675088,8
I,-0.366361058212,-0.280981763159,-0.347099185979,-0.416539940065,-0.0895188469181,-0.657781621117,-0.519670488378,8
M,-0.324721643226,-0.230592752996,-0.347099185979,-0.716337843475,-0.718077361725,-0.931501430977,-0.494524282143,12
F,1.13265788129,0.978743490913,1.20710489564,1.17422444538,1.19913875333,1.43161292748,0.974732624993,9
I,-1.19914935793,-1.18798394609,-1.30353246698,-1.22415878191,-1.22272649189,-1.22346922816,-1.17706416565,7
M,-1.03259169799,-0.885649885113,-1.06442414673,-1.07222038868,-1.01771278276,-1.10029531372,-0.997448406835,7
I,-0.616197548128,-0.734482854624,-1.06442414673,-0.97534691649,-0.89155050022,-1.07748532957,-0.864532745309,7
M,0.757903146411,0.676409429936,0.37022577477,0.499169302325,0.352049141978,0.710817428183,0.511323967241,11
M,0.0500330916483,-0.0794257225071,-0.347099185979,-0.145294217931,0.174070207678,-0.270011890482,-0.458601130379,8
F,-0.408000473198,-0.583315824136,-0.586207506228,-0.696963149037,-0.745112136555,-0.320193855623,-0.817832648017,13
M,0.424787826523,0.374075368959,0.489779934894,0.0209202659322,0.185334697191,0.158815811632,0.00121521219636,9
F,0.591345486467,0.57563140961,0.250671614645,0.401276109375,0.237151348949,0.856801326774,0.360446729834,11
I,-0.741115793087,-0.734482854624,-0.705761666353,-1.00899770157,-1.00870119115,-0.940625424639,-1.02259461307,7
M,0.591345486467,0.525242399447,0.37022577477,0.410453596214,0.306991183928,0.24093175459,0.658608889473,10
F,0.299869581565,0.122130318144,0.967996575393,1.70447924053,1.87500812409,1.54566284826,1.53513379251,9
I,-0.990952283003,-1.08720592576,-0.705761666353,-1.03754988284,-0.844239644267,-1.24627921232,-1.0477408193,7
I,-0.449639888184,-0.532926813973,0.967996575393,-0.711239239676,-0.693295484797,-0.689715598934,-0.634624574022,8
F,1.25757612624,1.18029953156,0.728888255144,1.7993132712,2.1498616682,1.56391083558,1.69678797544,9
M,-1.44898584785,-1.49031800707,-1.18397830685,-1.29248007282,-1.28355473526,-1.2736511933,-1.24531815401,9
I,-0.28308222824,-0.331370773321,-0.347099185979,-0.579695261649,-0.362119493125,-0.598475662314,-0.781909496253,8
F,0.716263731425,0.626020419773,0.489779934894,0.501208743845,0.599867911257,0.505527570788,0.367631360186,8
M,1.13265788129,1.23068854173,0.848442415268,1.53826475666,1.71279947511,1.55022484509,1.19386385075,10
F,0.383148411537,0.374075368959,0.37022577477,-0.195260535166,-0.348602105709,-0.197019941186,-0.0275233092146,14
M,-0.0332457383238,-0.12981473267,-0.347099185979,-0.0351643758623,0.198852084606,-0.133151985552,-0.278985371561,7
M,0.466427241509,0.525242399447,0.250671614645,0.382921135697,0.593109217549,0.368667665858,0.188015601368,9
M,0.966100221341,0.978743490913,0.37022577477,1.17014556234,1.55734951983,0.774685383816,0.69093972606,10
I,-1.03259169799,-0.986427905438,-0.944869986602,-1.43116209616,-1.1416221674,-0.999931383442,-1.10521786213,7
I,-2.98964420233,-3.00198831195,-2.8577365486,-1.6514217803,-1.58994885,-1.62492494929,-1.67998829035,4
I,-0.699476378101,-0.583315824136,-0.705761666353,-0.914163670896,-0.90957368344,-0.831137500695,-0.889678951544,6
I,0.674624316439,0.626020419773,0.13111745452,-0.0535193495405,0.0884600873819,0.418849630999,-0.135292764506,9
I,-2.69816829743,-2.64926524081,-2.73818238847,-1.61981043675,-1.56967276888,-1.57930498098,-1.64406513858,5
F,0.799542561397,0.273297348633,0.37022577477,0.373743648857,0.530028076278,0.505527570788,0.259861904895,8
M,0.00839367666226,-0.280981763159,-0.347099185979,-0.36453418131,-0.253980393803,-0.233515915834,-0.573555216023,7
M,1.21593671126,1.1299105214,0.848442415268,1.31902479328,1.20815034494,1.81025866445,0.971140309817,10
I,0.0500330916483,0.172519328307,-0.227545025854,-0.124899802733,0.268691919585,-0.548293697173,-0.207139068033,9
M,0.757903146411,0.877965470587,1.44621321589,0.795908043456,0.922032311319,0.42341162783,1.07531744993,10
M,-1.65718292278,-1.79265206804,-1.18397830685,-1.39037326577,-1.34888877443,-1.33751914894,-1.39260307624,4
M,0.13331192162,0.0717413079814,-0.227545025854,-0.00865163610488,-0.39366006376,0.414287634168,0.00839984254911,13
M,0.00839367666226,-0.230592752996,-0.944869986602,-0.646996831802,-0.510810754692,-0.730773570413,-0.670547725785,8
I,0.466427241509,0.374075368959,0.250671614645,0.117793738123,0.106483270602,0.259179741914,0.11616929784,11
F,1.34085495622,1.33146656205,0.489779934894,1.71059756509,2.13409138288,1.79657267396,1.69678797544,11
F,-0.574558133142,-0.532926813973,23.6832869991,-0.478742906419,-0.123312315456,-0.589351668652,-0.756763290018,8
I,0.508066656495,0.424464379121,0.250671614645,0.127990945722,0.171817309776,0.208997776773,0.101800037135,8
I,-1.36570701788,-1.4399289969,-1.30353246698,-1.30981532574,-1.3150953059,-1.31014716795,-1.27405667542,7
F,0.508066656495,0.424464379121,0.489779934894,0.506307347644,0.631408481892,0.97541324438,0.0802461460766,10
I,-0.408000473198,-0.532926813973,-0.944869986602,-0.66331236396,-0.477017286154,-0.817451510202,-0.710063192725,8
M,0.966100221341,0.827576460424,0.0115632943956,0.744922005461,0.383589712614,0.523775558112,0.97832494017,15
F,0.841181976383,0.827576460424,0.609334095019,0.608279423634,0.530028076278,0.510089567619,0.57239332524,9
I,-0.0332457383238,-0.180203742833,0.0115632943956,-0.196280255926,-0.531086835815,-0.333879846116,0.152092449604,19
M,-0.824394623059,-0.83526087495,-0.466653346103,-0.924360878495,-0.979413518418,-0.676029608441,-0.961525255072,9
I,-1.28242818791,-1.28876196642,-1.30353246698,-1.24761235938,-1.12585188208,-1.32839515527,-1.27046436024,6
M,0.882821391369,0.626020419773,0.37022577477,0.619496351993,1.03467720645,0.277427729238,0.346077469128,8
M,0.549706071481,0.777187450261,-0.466653346103,0.167760055358,0.138023841238,0.0128319130398,0.367631360186,16
I,0.13331192162,0.22290833847,0.728888255144,0.0148019413728,0.059172414649,0.00826991620884,0.00839984254911,9
I,-1.74046175275,-1.79265206804,-1.66219494735,-1.45665511516,-1.4119699157,-1.43332108239,-1.43930317353,5
I,-0.866034038045,-0.885649885113,-0.586207506228,-0.856039587581,-0.693295484797,-0.794641526047,-0.961525255072,8
I,0.0916725066344,0.474853389284,0.0115632943956,0.3523295129,0.768835253947,-0.0373500521011,0.0371383639601,9
M,-0.366361058212,-0.331370773321,-0.586207506228,-0.310488981035,-0.175128967214,-0.676029608441,-0.494524282143,6
F,0.632984901453,0.626020419773,0.250671614645,0.190193912076,0.0163673545009,0.122319836984,0.475400815478,10
I,-1.49062526284,-1.54070701723,-1.06442414673,-1.31695337106,-1.28130183736,-1.29646117746,-1.28483362095,6
F,0.757903146411,0.676409429936,0.848442415268,0.744922005461,0.899503332294,0.715379425014,0.558024064534,11
I,-1.07423111297,-1.0368169156,-0.825315826477,-1.11096977756,-1.10782869886,-1.10485731055,-1.03696387378,8
I,-1.32406760289,-1.38953998674,-1.30353246698,-1.28840118978,-1.25201416462,-1.35120513943,-1.24891046918,6
I,0.0916725066344,0.424464379121,0.37022577477,-0.0433221419415,0.0276318440136,-0.297383871468,0.148500134428,10
F,0.299869581565,0.22290833847,0.13111745452,0.1412473156,0.135770943335,0.473593592971,0.0443229943128,9
I,-0.616197548128,-0.583315824136,-0.227545025854,-0.574596657849,-0.515316550497,-0.365813823933,-0.706470877549,8
F,0.757903146411,1.07952151124,-0.107990865729,0.597062495275,0.836422191023,0.455345605647,0.367631360186,9
M,0.258230166579,0.474853389284,-0.107990865729,0.0168413828926,0.101977474797,-0.0875320172421,-0.0275233092146,9
M,0.424787826523,0.374075368959,0.13111745452,0.0963796021648,0.0907129852845,-0.174209957031,0.223938753131,10
M,0.674624316439,0.676409429936,0.13111745452,0.112695134323,0.108736168505,0.0903858591668,0.223938753131,8
F,0.591345486467,0.676409429936,0.728888255144,0.85301240601,0.543545463694,0.405163640506,1.33755645781,20
F,1.17429729627,0.92835448075,0.848442415268,1.23744713249,1.27799017992,1.50004287995,0.942401788406,9
F,1.0910184663,1.18029953156,0.848442415268,1.05899599951,1.01890692113,0.729065415506,1.11483291687,10
M,-0.866034038045,-0.684093844461,-0.347099185979,-0.77344220603,-0.875780214902,-0.621285646469,-0.681324671314,11
I,-0.0332457383238,-0.280981763159,-0.107990865729,-0.589892469248,-0.585156385475,-0.434243776398,-0.587924476729,8
I,-1.07423111297,-0.986427905438,-1.06442414673,-1.05182597348,-1.02897727227,-0.99080738978,-1.0477408193,7
F,0.00839367666226,0.0717413079814,0.250671614645,-0.251345176961,-0.136829702871,-0.30650786513,-0.286170001913,10
I,-0.158163983282,0.172519328307,-0.347099185979,-0.443052679822,-0.515316550497,-0.393185804919,-0.278985371561,9
F,0.924460806355,0.827576460424,0.37022577477,0.644989370991,0.532280974181,1.12139714297,0.550839434181,9
I,-0.324721643226,-0.432148793647,-1.18397830685,-0.36249473979,-0.193152150435,-0.44336777006,-0.422677978616,8
I,-1.24078877292,-1.28876196642,-1.4230866271,-1.2343559895,-1.10107000516,-1.25540320598,-1.32075677271,6
I,-2.57325005247,-2.59887623065,-2.02085742772,-1.60655406687,-1.55164958566,-1.56561899049,-1.6261035627,3
F,1.71560969109,1.63380062303,0.609334095019,2.4223626555,3.19520629497,2.16609441727,1.40940276133,10
F,-1.15750994295,-1.08720592576,-0.944869986602,-1.13442335503,-1.11684029047,-1.12766729471,-1.14114101389,6
F,-0.158163983282,-0.0290367123443,0.967996575393,-0.454269608181,-0.542351325327,-0.520921716187,-0.422677978616,11
F,-0.866034038045,-0.885649885113,-0.227545025854,-0.846862100742,-0.878033112805,-0.680591605272,-0.860940430133,10
M,-0.158163983282,-0.230592752996,-0.227545025854,-0.377790551189,-0.20666953785,-0.288259877806,-0.627439943669,7
M,-1.28242818791,-1.28876196642,-0.825315826477,-1.23333626874,-1.25201416462,-1.12310529788,-1.17706416565,8
M,-0.949312868017,-0.83526087495,-0.466653346103,-0.926400320014,-0.907320785537,-0.908691446822,-0.817832648017,12
F,0.966100221341,0.92835448075,0.728888255144,0.594003332996,0.613385298672,0.765561390154,0.583170270769,12
I,-0.408000473198,-0.48253780381,-0.107990865729,-0.801994387307,-0.736100544945,-0.803765519709,-0.817832648017,8
M,1.42413378619,1.23068854173,0.250671614645,1.32208395556,1.25320830299,1.11227314931,1.37347960957,14
M,0.424787826523,0.323686358796,0.489779934894,0.270751852108,0.557062851109,-0.133151985552,0.259861904895,13
F,-0.158163983282,-0.280981763159,0.13111745452,-0.36249473979,-0.296785453951,0.0858238623358,-0.494524282143,12
M,0.00839367666226,0.0213522978186,-0.227545025854,0.328875935422,0.12225355592,0.569395526422,0.40355451195,15
I,-0.199803398268,-0.280981763159,-0.107990865729,-0.478742906419,-0.292279658146,-0.698839592596,-0.591516791905,9
F,0.508066656495,0.626020419773,0.728888255144,0.55117506108,0.171817309776,0.473593592971,0.856186224173,20
M,0.882821391369,0.777187450261,0.489779934894,0.844854639931,1.18787426382,0.861363323605,0.439477663714,10
M,-0.0748851533098,-0.0290367123443,0.13111745452,-0.272759312919,-0.650490424649,-0.155961969707,-0.0347079395674,15
M,0.299869581565,0.22290833847,0.37022577477,0.0790443492465,0.183081799288,-0.0784080235801,-0.0706310913311,8
M,-0.199803398268,-0.280981763159,-0.466653346103,-0.514433133015,-0.389154267955,-0.415995789074,-0.674140040962,9
F,0.174951336606,0.323686358796,-0.107990865729,0.183055866756,0.313749877635,0.190749789449,-0.00956173333275,10
M,0.424787826523,0.172519328307,0.0115632943956,0.0708865831673,0.151541228653,0.42341162783,-0.278985371561,11
F,-0.449639888184,-0.532926813973,-0.227545025854,-0.575616378609,-0.715824463822,-0.498111732032,-0.386754826852,14
I,-0.990952283003,-0.986427905438,-1.18397830685,-1.053865415,-0.997436701639,-1.10029531372,-1.09084860142,8
F,0.0916725066344,0.424464379121,-0.107990865729,-0.0433221419415,-0.168370273507,0.00370791937784,0.0802461460766,13
F,-0.0748851533098,-0.180203742833,-0.227545025854,-0.516472574535,-0.729341851237,-0.461615757384,-0.390347142028,9
I,-0.907673453031,-0.83526087495,-0.944869986602,-1.03449072056,-0.92759686666,-1.10485731055,-0.961525255072,10
M,-2.90636537236,-2.85082128146,-2.3795199081,-1.6412245727,-1.57643146259,-1.59299097147,-1.67998829035,4
M,-0.199803398268,-0.180203742833,-0.227545025854,-0.244207131642,-0.380142676345,-0.114903998228,-0.422677978616,11
I,-0.241442813254,-0.280981763159,0.13111745452,-0.639858786483,-0.830722256851,-0.753583554568,-0.192769807328,13
F,-1.82374058272,-1.79265206804,-1.4230866271,-1.37201829209,-1.3150953059,-1.3329571521,-1.37104918518,7
M,0.966100221341,0.827576460424,0.37022577477,0.611338585914,0.530028076278,0.806619361633,0.726862877824,9
F,0.716263731425,0.726798440098,0.489779934894,0.826499666253,1.07522936869,0.523775558112,0.547247119005,12
F,1.71560969109,1.43224458238,1.56576737602,2.2010832506,0.820651905705,1.60496880706,2.5697205633,14
F,-0.408000473198,-0.432148793647,-0.227545025854,-0.710219518916,-0.760882421873,-0.607599655976,-0.65617846508,12
F,-0.158163983282,-0.180203742833,0.489779934894,-0.376770830429,-0.504052060984,0.199873783111,-0.541224379436,9
F,-0.449639888184,-0.532926813973,0.967996575393,-0.790777458948,-0.932102662465,-0.584789671821,-0.745986344489,8
I,-0.324721643226,-0.331370773321,0.0115632943956,-0.627622137364,-0.718077361725,-0.525483713018,-0.494524282143,8
M,0.882821391369,0.726798440098,0.13111745452,0.372723928098,0.288968000707,0.51465156445,0.475400815478,12
M,0.966100221341,1.68418963319,0.848442415268,1.28435428745,1.19688585543,0.779247380647,1.44173359792,11
I,-1.36570701788,-1.49031800707,-1.4230866271,-1.32409141638,-1.28580763316,-1.36032913309,-1.28483362095,5
M,1.88216735103,1.48263359254,1.80487569627,2.7986396159,3.16366572434,3.12867574861,2.08116569932,11
I,-0.408000473198,-0.432148793647,-0.586207506228,-0.754067511591,-0.639225935136,-0.799203522878,-0.878902006015,7
I,-0.241442813254,-0.331370773321,-0.466653346103,-0.488940114018,-0.23370431268,-0.539169703511,-0.706470877549,8
F,0.466427241509,0.474853389284,0.489779934894,0.189174191316,-0.213428231557,0.140567824308,0.439477663714,17
I,-1.32406760289,-1.38953998674,-1.30353246698,-1.2904406313,-1.24750836882,-1.30558517112,-1.28483362095,7
I,-1.94865882768,-1.94381909853,-1.9013032676,-1.46277343972,-1.38042934507,-1.4789410507,-1.48600327082,5
I,-1.57390409281,-1.49031800707,-0.944869986602,-1.29859839738,-1.26553155204,-1.11398130422,-1.21298731742,8
M,0.174951336606,0.0213522978186,0.13111745452,0.0902612776054,-0.2517274959,0.140567824308,0.511323967241,18
F,0.466427241509,0.424464379121,0.37022577477,0.206509444234,0.115494862212,0.596767507408,0.188015601368,9
I,-1.24078877292,-1.33915097658,-1.18397830685,-1.20478408747,-1.13486347369,-1.15047727886,-1.21298731742,6
M,0.841181976383,0.978743490913,1.08755073552,0.668442948468,0.723777295896,0.546585542267,0.823855387586,10
I,0.0916725066344,0.0213522978186,0.37022577477,-0.402263849426,-0.382395574247,-0.356689830271,-0.411901033087,12
F,-0.616197548128,-0.48253780381,-0.347099185979,-0.657194039401,-0.618949854013,-0.689715598934,-0.566370585671,10
M,-1.53226467782,-1.54070701723,-1.06442414673,-1.25577012546,-1.25426706253,-1.33751914894,-1.21298731742,9
I,-1.11587052796,-1.18798394609,-0.944869986602,-1.23639543102,-1.19118592126,-1.22346922816,-1.19143342636,7
M,0.00839367666226,-0.0794257225071,-0.227545025854,-0.421638543864,-0.422947736493,-0.30650786513,-0.393939457205,9
I,-2.7814471274,-2.64926524081,-2.3795199081,-1.61267239143,-1.54489089195,-1.58842897464,-1.60814198682,4
M,0.799542561397,0.726798440098,0.489779934894,0.505287626884,0.237151348949,0.660635463042,0.439477663714,13
F,0.799542561397,1.07952151124,0.37022577477,1.01310856531,1.39288797295,0.729065415506,0.69093972606,12
F,0.174951336606,0.323686358796,0.250671614645,0.24219967083,0.0298847419161,0.532899551774,0.259861904895,8
I,0.299869581565,0.474853389284,0.13111745452,0.296244871105,0.845433782633,-0.174209957031,-0.0275233092146,9
F,0.383148411537,0.424464379121,0.250671614645,0.276870176667,0.773341049752,0.0766998686738,-0.214323698386,9
M,0.216590751592,0.273297348633,-0.705761666353,-0.0463813042212,-0.080507255308,0.204435779942,-0.17121591627,9
I,-1.28242818791,-1.28876196642,-1.18397830685,-1.21498129507,-1.21146200238,-1.15047727886,-1.21298731742,11
M,0.424787826523,0.323686358796,1.08755073552,0.400256388615,0.667454848333,0.400601643675,0.0694692005474,10
M,0.341508996551,0.273297348633,1.08755073552,0.414532479253,-0.0241848077447,0.218121770435,0.511323967241,20
I,-1.61554350779,-1.69187404772,-1.54264078723,-1.35774220145,-1.28355473526,-1.3466431426,-1.37104918518,6
I,-0.0748851533098,-0.230592752996,-0.347099185979,-0.443052679822,-0.18864635463,-0.493549735201,-0.638216889198,8
F,0.632984901453,0.57563140961,0.609334095019,0.119833179642,-0.226945618973,0.596767507408,0.16646171031,12
F,1.6739702761,1.58341161287,1.68532153614,2.67933228699,3.02173315648,2.79564997995,1.89795762532,14
I,-0.699476378101,-0.734482854624,-0.705761666353,-0.897848138737,-0.830722256851,-0.885881462667,-0.918417472955,7
M,-1.40734643286,-1.4399289969,-1.18397830685,-1.34754499385,-1.39394673248,-1.2736511933,-1.26327972989,8
M,0.882821391369,1.23068854173,0.967996575393,0.919294255404,1.16534528479,0.688007444028,0.547247119005,9
F,1.3824943712,1.43224458238,0.967996575393,1.69326231217,2.30756452138,0.774685383816,1.44173359792,9
I,-1.36570701788,-1.38953998674,-1.18397830685,-1.26698705382,-1.17766853384,-1.29189918063,-1.27046436024,6
M,0.841181976383,0.626020419773,0.848442415268,0.714330382664,1.10676993933,0.706255431352,0.231123383484,9
M,-0.158163983282,-0.0290367123443,-0.705761666353,-0.415520219305,-0.244968802193,-0.187895947524,-0.458601130379,9
I,-0.0748851533098,-0.0794257225071,-0.347099185979,-0.542985314292,-0.492787571471,-0.511797722525,-0.494524282143,7
I,-1.40734643286,-1.4399289969,-1.30353246698,-1.19356715911,-1.06952943452,-1.16872526619,-1.28483362095,6
F,-0.741115793087,-0.885649885113,-0.466653346103,-0.918242553935,-0.934355560368,-0.812889513371,-0.817832648017,11
I,0.924460806355,0.978743490913,1.20710489564,1.02534521443,0.996377942103,0.65151146938,1.40940276133,17
F,1.17429729627,0.978743490913,0.609334095019,1.06103544103,1.07748226659,1.24913305424,0.870555484879,9
F,-0.907673453031,-0.684093844461,-0.227545025854,-0.940676410653,-0.961390335198,-0.840261494357,-0.85375579978,10
I,-0.366361058212,-0.583315824136,-0.944869986602,-0.631701020403,-0.55361581484,-0.484425741539,-0.810648017664,7
M,0.0500330916483,0.0717413079814,-0.466653346103,-0.250325456201,-0.107542030138,-0.155961969707,-0.749578659666,9
F,-0.657836963115,-0.734482854624,0.0115632943956,-0.759166115391,-0.814951971534,-0.607599655976,-0.710063192725,11
I,-1.19914935793,-1.23837295625,-1.18397830685,-1.22007989887,-1.16640404433,-1.29189918063,-1.15910258977,7
I,-0.0332457383238,-0.12981473267,-0.347099185979,-0.338021441552,-0.265244883316,-0.452491763722,-0.347239359912,9
M,0.799542561397,0.57563140961,1.08755073552,0.908077327045,0.989619248395,1.14876912396,0.583170270769,12
F,0.632984901453,0.424464379121,0.0115632943956,0.0821035115262,-0.0760014595029,0.131443830646,0.374815990539,11
F,0.924460806355,0.978743490913,0.728888255144,1.19563858134,1.10676993933,1.06209118417,0.906478636642,15
I,-1.28242818791,-1.28876196642,-1.18397830685,-1.16705441935,-1.0537591492,-1.05923734224,-1.25250278436,6
M,-0.0332457383238,0.0717413079814,0.848442415268,-0.154471704771,-0.456741205031,-0.0875320172421,0.11616929784,8
I,0.466427241509,0.626020419773,0.250671614645,0.159602289279,0.381336814711,0.0447658908568,0.0407306791365,11
M,-0.616197548128,-0.885649885113,-0.944869986602,-0.913143950136,-0.850998337974,-0.963435408794,-0.889678951544,9
I,0.299869581565,0.323686358796,0.0115632943956,-0.00763191534498,0.192093390898,-0.379499814426,0.0443229943128,10
I,-0.199803398268,-0.0794257225071,-0.466653346103,-0.433875192983,-0.443223817616,-0.343003839778,-0.325685468854,8
F,-0.574558133142,-0.381759783484,-0.825315826477,-0.685746220678,-0.645984628844,-0.511797722525,-0.745986344489,9
F,-0.616197548128,-0.48253780381,-0.705761666353,-0.778540809829,-0.70455997431,-0.89956745316,-0.781909496253,12
M,0.299869581565,0.323686358796,0.489779934894,0.576668080077,0.649431665113,0.893297301422,0.152092449604,10
M,0.258230166579,0.0213522978186,-0.347099185979,-0.46854569882,-0.56262740645,-0.311069861961,-0.322093153677,8
M,0.841181976383,0.777187450261,0.728888255144,1.24050629477,1.01890692113,1.02559520952,1.69678797544,11
F,0.841181976383,1.18029953156,1.32665905577,1.06715376559,0.410624487444,0.583081516915,2.09194264485,13
M,0.799542561397,0.777187450261,0.37022577477,0.409433875454,0.295726694415,0.464469599309,0.69093972606,12
M,1.13265788129,1.28107755189,1.20710489564,1.55356056806,1.27573728202,1.06209118417,2.00213476544,9
F,0.508066656495,0.525242399447,0.250671614645,0.356408395939,0.64717876721,0.272865732407,0.0910230916057,11
I,-1.19914935793,-1.28876196642,-1.30353246698,-1.13238391351,-1.10107000516,-1.09117132006,-1.10521786213,6
I,-2.4899712225,-2.39732019,-1.66219494735,-1.57494272331,-1.51109742342,-1.52912301584,-1.60095735647,4
M,0.174951336606,0.122130318144,-0.227545025854,0.102497926724,0.0659311083566,-0.101218007735,-0.0634464609783,13
F,1.54905203115,1.58341161287,1.32665905577,1.83092461475,1.25546120089,1.42248893382,2.34340470719,17
I,-2.07357707264,-1.89343008837,-1.4230866271,-1.41178740173,-1.36465905975,-1.38770111408,-1.41415696729,6
F,-0.116524568296,-0.280981763159,-0.227545025854,-0.499137321617,-0.609938262403,-0.411433792243,-0.386754826852,13
I,-1.03259169799,-1.18798394609,-0.944869986602,-1.14462056263,-1.07628812823,-1.09573331689,-1.16628722012,5
M,0.383148411537,0.323686358796,0.848442415268,0.229963021712,0.0952187810895,0.437097618323,0.317338947717,9
I,-0.824394623059,-0.936038895276,-1.4230866271,-1.07222038868,-1.02897727227,-1.11398130422,-1.0333715586,7
F,-0.0748851533098,0.22290833847,0.0115632943956,0.0107230583332,0.0343905377212,0.177063798956,-0.0634464609783,8
M,0.174951336606,0.22290833847,0.37022577477,-0.0514799080207,0.223633961534,-0.333879846116,-0.0778157216838,7
I,-2.40669239253,-2.34693117984,-1.4230866271,-1.55862719115,-1.52236191293,-1.48806504436,-1.56144188953,5
F,0.299869581565,0.323686358796,0.37022577477,0.289106825786,0.325014367148,0.751875399661,0.11616929784,9
M,1.04937905131,0.978743490913,0.967996575393,1.30576842341,1.58663719257,1.39511695283,1.01424809193,9
F,0.757903146411,1.07952151124,0.728888255144,0.634792163392,0.320508571343,0.400601643675,1.30163330604,16
M,0.591345486467,0.726798440098,0.609334095019,0.883604028807,0.559315749011,0.934355272901,1.22978700252,17
I,-1.69882233777,-1.54070701723,-0.944869986602,-1.33224918245,-1.29031342897,-1.26908919647,-1.24891046918,7
F,0.716263731425,0.626020419773,0.489779934894,0.383940856456,0.30023249022,0.409725637337,0.583170270769,12
I,-0.324721643226,-0.331370773321,-0.347099185979,-0.544005035052,-0.490534673569,-0.420557785905,-0.620255313316,8
M,-0.158163983282,-0.230592752996,-0.825315826477,-0.56337972949,-0.542351325327,-0.511797722525,-0.598701422258,9
I,-0.0748851533098,-0.583315824136,-0.825315826477,-0.722456168035,-0.659502016259,-0.525483713018,-0.799871072135,10
F,0.549706071481,0.323686358796,0.0115632943956,0.363546441258,0.532280974181,0.272865732407,0.385592936068,9
M,0.924460806355,0.726798440098,0.13111745452,0.718409265703,1.37711768763,0.441659615154,-0.0993696127421,10
M,1.46577320117,1.33146656205,1.56576737602,1.85845707527,1.93358346956,1.75551470248,1.7794112245,13
M,1.34085495622,1.1299105214,0.250671614645,1.04879879191,0.46919983291,1.01647121586,1.15794069899,13
M,1.3824943712,1.18029953156,0.848442415268,1.77789913524,2.10029791434,1.6551507722,1.19386385075,8
F,0.424787826523,0.726798440098,0.728888255144,0.5532145026,0.660696154625,0.619577491563,0.511323967241,10
M,1.34085495622,1.43224458238,1.44621321589,1.92473892466,2.04397546678,1.88325061375,1.80455743074,11
I,0.216590751592,0.22290833847,0.13111745452,-0.0800320892978,0.0681840062591,-0.0875320172421,-0.113738873448,11
M,0.632984901453,0.474853389284,0.37022577477,0.237101067031,0.347543346173,0.254617745083,0.0802461460766,8
M,0.299869581565,0.474853389284,0.609334095019,0.063748537848,0.189840492996,-0.101218007735,0.0443229943128,11
I,0.674624316439,0.626020419773,0.0115632943956,0.224864417912,-0.0940246427232,0.186187792618,0.583170270769,13
M,0.882821391369,0.777187450261,0.13111745452,0.475715724847,0.662949052528,-0.0191020647771,0.701716671589,12
I,-1.36570701788,-1.38953998674,-1.30353246698,-1.2904406313,-1.21146200238,-1.33751914894,-1.33512603341,7
I,-1.9070194127,-1.89343008837,-1.78174910747,-1.42606349237,-1.38493514087,-1.39226311091,-1.46444937976,6
M,0.841181976383,0.726798440098,0.489779934894,0.637851325671,0.991872146298,0.309361707055,0.367631360186,9
I,-1.32406760289,-1.38953998674,-1.54264078723,-1.23843487254,-1.19118592126,-1.24171721548,-1.21298731742,6
M,0.341508996551,0.323686358796,1.08755073552,0.163681172318,-0.0692427657953,0.473593592971,0.11616929784,15
I,-0.532918718156,-0.48253780381,0.0115632943956,-0.778540809829,-0.893803398122,-0.85394748485,-0.566370585671,9
M,2.13200384095,1.93613468401,1.68532153614,3.50632582327,3.76293656641,3.59399942537,3.13012173082,11
M,0.632984901453,0.57563140961,0.37022577477,0.883604028807,1.19463295753,0.592205510577,0.655016574296,10
M,1.04937905131,1.07952151124,-0.347099185979,0.717389544944,0.739547581214,0.934355272901,0.637054998414,9
M,-0.366361058212,-0.331370773321,-0.466653346103,-0.487920393258,-0.477017286154,-0.479863744708,-0.480155021438,11
I,-1.9070194127,-1.94381909853,-1.54264078723,-1.45359595288,-1.45252207795,-1.37857712041,-1.428526228,8
I,-0.949312868017,-0.784871864787,-0.825315826477,-1.00695826005,-0.932102662465,-0.972559402456,-0.925602103308,7
F,0.924460806355,0.676409429936,0.250671614645,0.725547311023,0.782352641362,1.15333112079,0.374815990539,10
F,0.549706071481,0.57563140961,0.728888255144,0.435946615211,0.46919983291,0.542023545436,0.223938753131,10
M,0.383148411537,0.0717413079814,-0.227545025854,0.104537368244,0.306991183928,0.136005827477,-0.00596941815638,13
M,1.13265788129,1.07952151124,0.37022577477,1.24968378161,1.55960241774,1.5958448134,0.69093972606,10
F,1.00773963633,1.02913250108,1.44621321589,1.50665341311,1.17886267221,1.70077074051,1.58901852015,12
F,-0.657836963115,-0.734482854624,-0.705761666353,-0.801994387307,-0.706812872212,-0.648657627455,-0.857348114957,6
M,0.00839367666226,0.172519328307,-0.466653346103,-0.25848322228,-0.116553621749,-0.311069861961,-0.135292764506,12
F,0.591345486467,0.626020419773,0.609334095019,0.380881694177,0.593109217549,0.0903858591668,0.360446729834,9
F,0.216590751592,0.273297348633,0.728888255144,0.112695134323,-0.323820228782,-0.146837976045,0.295785056659,14
I,0.591345486467,0.626020419773,-0.107990865729,0.219765814113,0.336278856661,0.0310799003638,0.346077469128,10
I,0.13331192162,0.0717413079814,-0.107990865729,-0.244207131642,-0.179634763019,-0.0601600362561,-0.386754826852,9
M,0.841181976383,0.877965470587,0.37022577477,0.44818326433,0.575086034329,0.2865517229,0.593947216298,11
F,-0.449639888184,-0.532926813973,-0.944869986602,-0.720416726515,-0.864515725389,-0.913253443653,-0.386754826852,10
I,-0.408000473198,-0.432148793647,-0.586207506228,-0.672489850799,-0.573891895963,-0.840261494357,-0.595109107082,10
I,-1.40734643286,-1.28876196642,-0.705761666353,-1.2343559895,-1.25201416462,-1.16872526619,-1.14114101389,7
I,-0.949312868017,-0.936038895276,-1.06442414673,-1.11810782288,-1.10557580096,-1.3329571521,-0.925602103308,7
M,0.757903146411,0.626020419773,0.609334095019,0.610318865154,0.392601304224,0.354981675365,0.726862877824,10
I,-0.782755208073,-0.684093844461,-0.825315826477,-0.791797179708,-0.54460422323,-0.967997405625,-0.94356367919,6
F,0.383148411537,0.323686358796,0.0115632943956,0.254436319949,0.0862071894794,0.186187792618,0.475400815478,17
M,0.299869581565,0.424464379121,0.0115632943956,0.14532619864,0.507499097253,0.0128319130398,-0.149662025211,7
M,1.04937905131,1.02913250108,0.37022577477,1.17932304918,1.63169515062,1.07121517783,0.69093972606,9
I,0.258230166579,0.172519328307,-0.227545025854,-0.368613064349,-0.341843412002,-0.434243776398,-0.203546752857,8
I,-2.65652888244,-2.54848722049,-2.25996574797,-1.58921881395,-1.51335032132,-1.54737100316,-1.61532661717,3
M,1.54905203115,1.43224458238,1.44621321589,2.19394520528,2.35487537733,2.36682227783,1.87640373426,13
M,-0.616197548128,-0.734482854624,0.0115632943956,-0.746929466272,-0.880286010707,-0.954311415132,-0.638216889198,14
M,0.508066656495,0.424464379121,0.250671614645,0.34315202606,0.207863676216,0.934355272901,0.0874307764293,11
I,-0.824394623059,-0.784871864787,-0.586207506228,-1.02429351296,-1.02672437437,-0.94518742147,-0.975894515777,6
M,0.757903146411,0.626020419773,0.13111745452,0.407394433934,0.379083916809,0.92979327607,0.331708208423,11
M,0.882821391369,0.877965470587,0.489779934894,0.538938411961,0.62014399238,0.368667665858,0.547247119005,12
M,0.508066656495,0.57563140961,1.20710489564,0.698014850505,0.14027673914,0.500965573957,1.15794069899,17
M,0.0916725066344,0.122130318144,0.250671614645,-0.26358182608,-0.458994102933,-0.251763903158,0.00839984254911,12
M,1.00773963633,1.1299105214,0.848442415268,1.64635515721,1.89077840941,1.47267089896,1.38784887028,11
M,0.508066656495,0.474853389284,0.37022577477,0.620516072753,0.865709863756,0.386915653182,0.475400815478,12
I,0.0916725066344,0.122130318144,0.13111745452,-0.286015682798,-0.389154267955,-0.265449893651,-0.0131540485091,9
M,0.591345486467,0.676409429936,0.0115632943956,0.235061625511,0.0141144565984,0.0766998686738,0.547247119005,9
I,-1.03259169799,-1.18798394609,-0.705761666353,-1.01919490917,-0.772146911386,-1.23259322182,-1.12317943801,6
M,1.3824943712,1.18029953156,1.44621321589,1.94513333986,2.5103253326,1.38599295917,1.59620315051,12
I,-1.11587052796,-1.13759493593,-1.06442414673,-1.27616454066,-1.22497938979,-1.23715521865,-1.17706416565,7
I,-0.449639888184,-0.331370773321,-0.347099185979,-0.624562975084,-0.59867377289,-0.698839592596,-0.552001324965,8
F,0.216590751592,0.424464379121,0.250671614645,0.094340160645,0.0118615586958,-0.0464740457631,0.270638850424,10
F,-0.116524568296,-0.230592752996,-0.107990865729,-0.401244128666,-0.348602105709,-0.324755852454,-0.494524282143,8
M,0.466427241509,0.323686358796,0.848442415268,0.809164413335,0.8161461099,0.820305352126,0.629870368062,10
I,-2.90636537236,-2.85082128146,-2.3795199081,-1.63306680662,-1.57643146259,-1.57474298415,-1.65124976894,4
F,1.13265788129,0.676409429936,0.967996575393,1.10284399219,1.26897858831,1.03471920318,0.69093972606,6
M,-0.49127930317,-0.48253780381,-0.586207506228,-0.508314808456,-0.290026760244,-0.374937817595,-0.85375579978,7
M,0.591345486467,0.827576460424,1.08755073552,0.726567031783,0.552557055304,0.190749789449,0.877740115231,10
F,-0.574558133142,-0.583315824136,-0.347099185979,-0.775481647549,-0.905067887635,-0.71708757992,-0.756763290018,16
I,0.383148411537,0.122130318144,-0.227545025854,-0.110623712095,-0.0264377056472,-0.274573887313,-0.0167463636855,9
F,0.424787826523,0.424464379121,0.489779934894,0.487952373966,0.885985944878,0.304799710224,0.134130873722,10
M,-0.49127930317,-0.583315824136,0.0115632943956,-0.516472574535,-0.711318668017,-0.274573887313,-0.350831675088,15
F,1.75724910608,1.58341161287,1.56576737602,2.64874066419,2.65676369627,2.54930215107,2.34340470719,12
F,0.924460806355,1.1299105214,0.609334095019,1.04370018811,0.662949052528,1.05296719051,1.24415626322,11
M,-1.36570701788,-1.13759493593,-0.825315826477,-1.19866576291,-1.2294851856,-1.16416326936,-1.0333715586,8
I,-0.0748851533098,-0.280981763159,-0.466653346103,-0.415520219305,-0.148094192384,-0.466177754215,-0.566370585671,7
M,1.00773963633,1.1299105214,0.848442415268,1.49339704323,1.57537270305,1.5958448134,1.15794069899,8
I,0.466427241509,0.273297348633,0.250671614645,0.127990945722,0.0163673545009,0.108633846491,0.0910230916057,6
I,-2.61488946746,-2.39732019,-2.25996574797,-1.59329769699,-1.53362640244,-1.54737100316,-1.62251124752,5
F,0.757903146411,0.57563140961,0.250671614645,0.192233353595,0.4601882413,0.0173939098708,0.0191767880782,9
M,0.632984901453,0.626020419773,0.37022577477,0.422690245333,0.352049141978,0.140567824308,0.619093422533,20
M,1.34085495622,1.02913250108,0.609334095019,1.46076597891,1.47173939954,1.79657267396,1.19745616593,10
I,-0.949312868017,-0.986427905438,-1.18397830685,-1.01001742233,-0.88253890861,-1.09117132006,-1.06211008001,6
F,-0.158163983282,0.0213522978186,-0.107990865729,-0.350258090671,-0.308049943464,-0.434243776398,-0.314908523324,15
M,1.13265788129,1.07952151124,1.32665905577,1.50257453007,1.69027049608,1.57303482924,1.05735587405,9
I,-0.532918718156,-0.583315824136,-0.825315826477,-0.934558086094,-0.90957368344,-0.94518742147,-0.896863581897,9
M,0.841181976383,0.92835448075,0.0115632943956,0.545056736521,0.83416929312,0.327609694379,0.40355451195,10
I,-0.824394623059,-0.885649885113,-1.30353246698,-1.15583749099,-1.06277074081,-1.03642735809,-1.19502574154,8
F,0.716263731425,0.57563140961,0.489779934894,0.497129860805,0.559315749011,0.646949472549,0.295785056659,10
I,-0.699476378101,-0.684093844461,-0.347099185979,-0.691864545238,-0.837480950559,-0.849385488019,-0.278985371561,13
I,-0.657836963115,-0.684093844461,0.13111745452,-0.805053549586,-0.742859238653,-0.822013507033,-0.781909496253,7
F,1.00773963633,1.02913250108,0.37022577477,0.612358306674,0.640420073502,0.542023545436,0.741232138529,10
M,-0.408000473198,-0.532926813973,-0.466653346103,-0.711239239676,-0.564880304353,-0.721649576751,-0.745986344489,8
I,0.424787826523,0.424464379121,-0.107990865729,-0.00865163610488,-0.0985304385283,0.281989726069,0.00121521219636,11
M,-2.98964420233,-2.85082128146,-2.3795199081,-1.64020485194,-1.57643146259,-1.60667696196,-1.65843439929,4
F,1.13265788129,1.18029953156,0.967996575393,1.56579721718,1.8795139199,1.97449055037,0.874147800055,10
I,-1.32406760289,-1.54070701723,-1.4230866271,-1.2853420275,-1.26553155204,-1.3329571521,-1.33512603341,5
M,-0.907673453031,-0.83526087495,0.0115632943956,-0.839724055423,-0.92759686666,-0.721649576751,-0.681324671314,10
M,-0.0332457383238,-0.180203742833,-0.466653346103,-0.377790551189,-0.319314432976,-0.21526792851,-0.559185955318,7
M,-1.36570701788,-1.13759493593,-0.227545025854,-1.12626558895,-1.21596779818,-1.12766729471,-0.993856091659,10
F,0.174951336606,0.122130318144,0.848442415268,-0.152432263251,-0.465752796641,-0.0282260584391,0.259861904895,10
M,-0.158163983282,0.323686358796,0.0115632943956,-0.00253331154548,-0.080507255308,0.0447658908568,0.00121521219636,8
M,0.258230166579,0.424464379121,0.848442415268,0.0923007191252,-0.143588396579,0.19531178628,0.475400815478,10
F,1.0910184663,0.92835448075,0.0115632943956,0.696995129746,0.8161461099,1.24913305424,0.331708208423,12
I,0.674624316439,0.827576460424,0.609334095019,0.494070698526,0.552557055304,0.117757840153,0.813078442057,10
I,-2.24013473258,-2.24615315951,-1.9013032676,-1.5015228286,-1.44351048634,-1.45613106654,-1.53629568329,6
I,-0.0748851533098,0.122130318144,0.250671614645,-0.318646747114,-0.468005694544,-0.429681779567,-0.0275233092146,10
M,0.841181976383,0.726798440098,0.967996575393,0.804065809535,0.926538107124,1.066653181,0.708901301942,10
I,-0.49127930317,-0.684093844461,-0.705761666353,-0.984524403329,-0.977160620516,-0.981683396118,-0.90404821225,11
F,-0.116524568296,-0.0794257225071,-0.466653346103,-0.26154238456,-0.0557253783801,-0.639533633793,-0.314908523324,10
I,-1.24078877292,-1.33915097658,-1.06442414673,-1.18744883455,-1.12359898418,-1.26908919647,-1.15910258977,6
M,1.29921554123,1.23068854173,1.56576737602,1.36083334444,1.00538953371,1.42705093065,1.62494167192,14
M,0.0916725066344,0.122130318144,0.489779934894,-0.221773274924,-0.380142676345,-0.151399972876,-0.0993696127421,15
F,1.63233086112,1.68418963319,1.80487569627,2.5926560224,2.2399775843,2.75459200847,2.60923603024,12
I,-0.49127930317,-0.83526087495,0.0115632943956,-0.137136451852,0.0118615586958,-0.247201906327,-0.214323698386,10
F,-0.0748851533098,0.273297348633,0.728888255144,-0.403283570186,-0.373383982637,-0.634971636962,-0.164031285917,12
I,-1.9070194127,-1.94381909853,-1.66219494735,-1.44339874528,-1.4074641199,-1.50631303168,-1.42493391282,6
M,0.216590751592,0.424464379121,0.848442415268,0.55015534032,0.0771955978693,0.313923703886,1.15794069899,14
I,-1.44898584785,-1.74226305788,-1.4230866271,-1.34346611081,-1.29256632687,-1.22346922816,-1.36027223965,7
I,-1.86537999771,-1.89343008837,-1.78174910747,-1.43830014148,-1.35339457024,-1.41051109823,-1.489595586,5
F,0.632984901453,0.424464379121,0.0115632943956,0.0168413828926,0.0479079251364,-0.0327880552701,0.026361418431,10
M,1.0910184663,1.07952151124,0.489779934894,0.981497221758,0.872468557463,1.71901872783,0.762786029587,11
I,-0.574558133142,-0.381759783484,-0.347099185979,-0.807092991106,-0.71357156592,-0.493549735201,-0.674140040962,9
F,0.0500330916483,0.172519328307,-0.227545025854,-0.143254776412,-0.154852886092,0.14969181797,-0.243062219797,8
F,0.383148411537,0.57563140961,0.37022577477,0.285027942746,0.390348406321,0.733627412337,0.11616929784,9
M,-0.324721643226,-0.12981473267,0.0115632943956,-0.406342732466,-0.58966218128,-0.48898773837,-0.0993696127421,14
F,0.882821391369,0.726798440098,0.609334095019,0.882584308047,0.861204067951,0.879611310929,1.07531744993,10
F,0.299869581565,0.22290833847,-0.347099185979,-0.0535193495405,-0.208922435752,-0.0829700204111,0.173646340662,13
M,0.0500330916483,0.0213522978186,0.609334095019,-0.197299976686,-0.76764111558,-0.0966560109041,0.511323967241,11
I,-1.36570701788,-1.08720592576,-1.30353246698,-1.13952195883,-1.08529971984,-1.06379933908,-1.18065648083,7
F,1.21593671126,1.33146656205,1.32665905577,1.61168465138,1.71505237301,1.36774497185,1.62494167192,11
F,0.924460806355,0.92835448075,0.967996575393,0.872387100448,0.809387416192,1.01647121586,0.798709181351,10
I,0.174951336606,0.122130318144,-0.347099185979,-0.227891599483,-0.00616162452443,-0.6258476433,-0.135292764506,8
I,-0.616197548128,-0.583315824136,0.0115632943956,-0.723475888794,-0.673019403674,-0.653219624286,-0.799871072135,16
I,-0.0332457383238,-0.280981763159,-0.586207506228,-0.334962279273,-0.139082600774,-0.0966560109041,-0.692101616844,7
M,0.757903146411,0.726798440098,0.848442415268,0.589924449956,0.390348406321,1.26738104156,0.439477663714,9
M,0.549706071481,0.626020419773,0.37022577477,0.703113454305,1.19463295753,0.478155589802,0.148500134428,9
M,1.04937905131,1.1299105214,0.37022577477,1.09978482991,1.1675981827,0.979975241211,0.906478636642,9
I,-0.532918718156,-0.684093844461,-0.944869986602,-0.902946742537,-0.805940379923,-0.849385488019,-1.02259461307,8
F,0.299869581565,0.273297348633,-0.347099185979,0.0994387644445,-0.112047825943,0.309361707055,0.367631360186,13
F,0.383148411537,0.22290833847,0.489779934894,-0.0361840966222,0.126759351725,-0.197019941186,-0.0742234065075,9
M,0.716263731425,0.92835448075,2.40264649689,1.65859180633,0.777846845557,1.40424094649,3.24148350128,18
I,-1.36570701788,-1.4399289969,-1.30353246698,-1.30369700118,-1.29256632687,-1.17784925985,-1.32075677271,6
M,-1.28242818791,-1.18798394609,-1.18397830685,-1.19866576291,-1.12359898418,-1.23715521865,-1.22017194777,10
M,-1.86537999771,-1.69187404772,-1.18397830685,-1.36182108449,-1.29256632687,-1.29189918063,-1.35667992447,6
F,0.924460806355,0.777187450261,0.37022577477,0.498149581565,0.484970118228,0.154253814801,0.798709181351,11
F,0.757903146411,0.827576460424,1.20710489564,0.623575235033,0.49623460774,0.69713143769,0.784339920646,11
F,0.216590751592,0.0717413079814,-0.107990865729,-0.133057568813,-0.186393456727,0.268303735576,-0.278985371561,9
I,-0.741115793087,-0.734482854624,-0.944869986602,-1.01817518841,-1.03798886388,-1.0090553771,-0.925602103308,7
I,-0.657836963115,-0.885649885113,-0.466653346103,-0.919262274695,-0.934355560368,-0.895005456329,-0.85375579978,8
M,1.21593671126,1.07952151124,0.609334095019,0.703113454305,0.750812070727,0.952603260225,0.554431749358,11
F,0.716263731425,0.877965470587,0.489779934894,0.530780645882,0.493981709838,0.158815811632,1.04298661334,11
F,-0.158163983282,-0.180203742833,-0.586207506228,-0.344139766112,-0.247221700095,-0.228953919003,-0.458601130379,8
F,-0.574558133142,-0.583315824136,0.0115632943956,-0.632720741163,-0.623455649818,-0.493549735201,-0.745986344489,10
M,1.04937905131,1.18029953156,1.20710489564,1.36797138976,1.20364454914,2.00642452819,1.12201754722,14
M,1.0910184663,1.02913250108,1.80487569627,1.94717278138,2.38416305006,2.08854047114,1.29804099087,11
F,0.341508996551,0.827576460424,0.37022577477,0.195292515875,0.205610778314,0.354981675365,0.11616929784,11
I,-0.574558133142,-0.734482854624,-0.107990865729,-0.66841096776,-0.38464847215,-0.739897564075,-0.950748309542,7
I,-1.11587052796,-0.986427905438,-0.825315826477,-1.14666000415,-1.08529971984,-1.16872526619,-1.13395638354,8
I,-1.57390409281,-1.54070701723,-1.4230866271,-1.34754499385,-1.26327865414,-1.32383315844,-1.35667992447,5
M,0.174951336606,0.122130318144,-0.347099185979,0.297264591865,-0.0286906035498,-0.0601600362561,0.475400815478,13
M,0.258230166579,0.323686358796,0.0115632943956,0.0851626738059,0.214622369924,-0.224391922172,0.11616929784,9
M,-0.366361058212,-0.432148793647,-0.466653346103,-0.46344709502,-0.213428231557,-0.58022767499,-0.710063192725,7
F,0.0916725066344,0.122130318144,0.250671614645,-0.188122489847,-0.364372391027,0.0493278876878,-0.17121591627,14
F,0.591345486467,0.474853389284,0.0115632943956,0.173878379917,0.135770943335,0.382353656351,0.231123383484,9
M,0.757903146411,0.525242399447,0.728888255144,0.464498796488,0.550304157401,0.833991342619,0.223938753131,10
F,0.424787826523,0.726798440098,0.250671614645,0.0933204398851,0.0704369041617,0.113195843322,0.367631360186,12
I,-0.324721643226,-0.331370773321,-0.227545025854,-0.56134028797,-0.42069483859,-0.6258476433,-0.587924476729,8
I,-0.699476378101,-1.0368169156,-0.586207506228,-0.917222833175,-0.889297602317,-0.817451510202,-0.925602103308,9
I,-1.82374058272,-1.64148503756,-1.54264078723,-1.37201829209,-1.3150953059,-1.30102317429,-1.39260307624,7
F,0.383148411537,0.474853389284,0.250671614645,0.567490593238,0.813893211997,0.678883450366,0.223938753131,8
M,0.0500330916483,0.0717413079814,-0.227545025854,0.0280583112515,-0.380142676345,0.126881833815,0.188015601368,20
F,0.258230166579,0.323686358796,0.0115632943956,0.0351963565708,-0.0602311741852,-0.0829700204111,0.249084959366,10
I,0.13331192162,0.122130318144,0.0115632943956,-0.330883396233,-0.211175333655,-0.388623808088,-0.354423990265,10
M,-0.0748851533098,-0.0794257225071,-0.347099185979,0.257495482229,-0.0827601532105,0.665197459873,0.152092449604,13
I,0.424787826523,0.474853389284,0.37022577477,0.0892415568455,-0.04671378677,0.263741738745,0.331708208423,8
M,0.424787826523,0.424464379121,0.37022577477,0.116774017363,0.00510286498824,0.277427729238,0.134130873722,9
I,0.216590751592,0.172519328307,0.250671614645,-0.126939244253,-0.0917717448207,-0.0419120489321,-0.207139068033,8
I,0.341508996551,0.22290833847,-0.107990865729,0.0525316094891,-0.172876069312,-0.0282260584391,0.259861904895,11
I,-0.116524568296,-0.0794257225071,0.250671614645,-0.170787236929,-0.328326024587,-0.119465995059,-0.0275233092146,13
F,1.04937905131,0.92835448075,1.20710489564,1.29557121581,1.27123148621,1.44529891797,1.33396414263,9
M,-1.61554350779,-1.59109602739,-1.18397830685,-1.28840118978,-1.23624387931,-1.2736511933,-1.28124130577,10
I,-0.699476378101,-0.83526087495,-0.705761666353,-0.677588454599,-0.456741205031,-0.557417690835,-0.94356367919,8
F,1.63233086112,1.68418963319,0.967996575393,1.71671588965,1.67900600657,1.64146478171,1.88358836462,12
F,-1.03259169799,-1.08720592576,-0.586207506228,-1.07324010944,-1.01771278276,-1.22346922816,-1.04414850413,8
F,0.841181976383,0.827576460424,0.37022577477,0.583806125397,0.561568646914,0.879611310929,0.507731652065,9
I,-0.324721643226,-0.230592752996,-0.227545025854,-0.531768385933,-0.490534673569,-0.0236640616081,-0.609478367787,7
M,0.299869581565,0.323686358796,0.489779934894,0.0729260246871,-0.130071009164,0.245493751421,0.152092449604,10
M,-0.408000473198,-0.230592752996,0.13111745452,-0.430816030703,-0.560374508547,-0.662343617948,-0.17121591627,14
M,0.799542561397,0.726798440098,0.250671614645,0.891761794886,1.21265614075,0.701693434521,0.504139336889,12
I,-1.24078877292,-1.28876196642,-1.4230866271,-1.24863208014,-1.19794461496,-0.803765519709,-1.21298731742,7
F,1.13265788129,0.978743490913,1.08755073552,1.42609547307,1.48976258276,1.11227314931,1.45251054345,11
M,1.63233086112,1.78496765352,1.92442985639,2.21331989972,2.5058195368,2.43981422713,1.72552649686,11
M,0.549706071481,0.525242399447,0.0115632943956,0.357428116699,0.615638196575,0.327609694379,0.152092449604,9
I,-2.28177414757,-2.24615315951,-1.78174910747,-1.54537082127,-1.497580036,-1.4789410507,-1.55425725917,5
I,-0.241442813254,-0.331370773321,0.0115632943956,-0.682687058398,-0.803687482021,-0.758145551399,-0.343647044735,8
I,-0.116524568296,-0.0290367123443,-0.227545025854,-0.46854569882,-0.238210108485,-0.593913665483,-0.648993834727,8
I,-0.0332457383238,-0.0794257225071,0.13111745452,-0.344139766112,-0.416189042785,-0.685153602103,-0.135292764506,13
I,-1.15750994295,-1.08720592576,-0.347099185979,-0.990642727888,-0.850998337974,-0.977121399287,-1.13395638354,7
M,-0.616197548128,-0.784871864787,-0.825315826477,-0.679627896119,-0.458994102933,-0.89956745316,-0.789094126606,8
F,1.50741261616,1.28107755189,0.967996575393,1.74628779168,1.50327997017,2.18434240459,1.19027153558,12
M,-0.28308222824,-0.12981473267,-0.466653346103,-0.315587584835,-0.121059417554,-0.520921716187,-0.386754826852,9
I,-2.36505297754,-2.29654216967,-2.02085742772,-1.57698216483,-1.51335032132,-1.52912301584,-1.58658809576,4
M,1.3824943712,1.33146656205,1.08755073552,1.79727382968,1.86149073668,1.86956462326,1.39144118545,8
F,1.63233086112,1.83535666368,1.56576737602,1.87783176971,1.87500812409,2.20715238875,1.73271112721,11
M,0.799542561397,0.978743490913,1.08755073552,1.42507575231,1.48976258276,1.70989473417,0.798709181351,13
M,0.716263731425,0.626020419773,0.250671614645,0.680679597587,0.926538107124,0.706255431352,0.500547021712,11
M,1.42413378619,1.5330226027,1.20710489564,1.3567544614,1.03017141064,1.47723289579,1.76863427897,15
F,-0.866034038045,-0.784871864787,-0.347099185979,-0.745909745512,-0.781158502996,-0.644095630624,-0.674140040962,10
M,0.508066656495,0.474853389284,0.250671614645,0.157562847759,0.225886859436,0.450783608816,-0.0383002547437,8
F,1.13265788129,1.23068854173,1.08755073552,1.05491711647,0.840927986828,0.820305352126,1.7039726058,11
F,0.0916725066344,0.122130318144,-0.227545025854,-0.26460154684,-0.211175333655,-0.219829925341,-0.253839165326,8
M,0.0916725066344,0.122130318144,0.609334095019,0.185095308276,-0.107542030138,0.163377808463,0.152092449604,16
I,-1.69882233777,-1.74226305788,-1.4230866271,-1.38731410349,-1.33086559121,-1.36489112992,-1.39260307624,6
F,0.882821391369,0.92835448075,1.08755073552,1.1303764527,0.813893211997,1.37686896551,1.01424809193,10
I,0.424787826523,0.273297348633,-0.227545025854,-0.048420745741,-0.19765794624,0.318485700717,0.0443229943128,10
I,-0.408000473198,-0.432148793647,-0.466653346103,-0.609267163686,-0.490534673569,-0.758145551399,-0.548409009789,10
F,-0.949312868017,-0.83526087495,-0.825315826477,-0.948834176732,-0.902814989732,-0.94518742147,-0.85375579978,10
I,-2.11521648763,-2.19576414935,-1.4230866271,-1.52497640608,-1.4998329339,-1.46981705703,-1.50037253153,6
M,1.00773963633,0.726798440098,0.250671614645,0.740843122421,1.10902283723,0.719941421845,0.331708208423,9
F,1.0910184663,1.02913250108,0.250671614645,0.436966335971,0.541292565791,0.386915653182,0.475400815478,9
F,-0.824394623059,-0.734482854624,-1.06442414673,-1.0334709998,-1.07628812823,-1.09117132006,-0.817832648017,10
F,-0.241442813254,-0.230592752996,-0.227545025854,-0.281936799758,-0.211175333655,-0.0145400679462,-0.458601130379,10
F,0.882821391369,0.827576460424,0.728888255144,0.788769998137,0.464694037105,0.218121770435,0.514916282418,10
I,-2.24013473258,-2.19576414935,-1.54264078723,-1.51375947772,-1.46378656746,-1.46069306337,-1.53629568329,5
I,-2.32341356256,-2.14537513918,-1.9013032676,-1.4964242248,-1.41872860941,-1.42419708872,-1.52911105294,4
F,0.424787826523,0.626020419773,0.37022577477,0.585845566917,0.67421354204,0.523775558112,0.726862877824,10
M,1.04937905131,1.02913250108,0.489779934894,1.13139617346,1.2577140988,1.00278522537,0.917255582171,9
F,0.383148411537,0.424464379121,-0.107990865729,-0.098387062976,-0.112047825943,0.0402038940258,-0.207139068033,8
I,-3.07292303231,-3.05237732212,-2.14041158785,-1.65448094258,-1.59670754371,-1.61580095563,-1.67998829035,4
F,0.508066656495,0.424464379121,0.728888255144,0.0810837907663,-0.121059417554,-0.155961969707,0.223938753131,22
M,-0.408000473198,-0.48253780381,-0.944869986602,-0.816270477945,-0.733847647042,-0.744459560906,-0.911232842602,7
M,0.424787826523,0.626020419773,1.08755073552,0.318678727823,0.0681840062591,0.336733688041,0.834632333115,10
M,-1.61554350779,-1.54070701723,-1.06442414673,-1.30777588422,-1.28806053107,-1.23715521865,-1.28483362095,7
M,0.00839367666226,-0.0290367123443,0.489779934894,-0.0749334854983,-0.195405048337,-0.320193855623,0.295785056659,13
I,-0.199803398268,-0.12981473267,0.0115632943956,-0.422658264624,-0.301291249756,-0.548293697173,-0.314908523324,9
I,-0.699476378101,-0.885649885113,-0.825315826477,-0.899887580257,-0.828469358949,-0.972559402456,-0.85375579978,9
I,-0.408000473198,-0.432148793647,-0.825315826477,-0.838704334663,-0.878033112805,-0.744459560906,-0.803463387311,7
M,-0.990952283003,-1.0368169156,-1.30353246698,-1.15889665327,-1.10332290306,-1.10485731055,-1.10521786213,8
M,0.216590751592,0.122130318144,0.728888255144,0.0362160773307,-0.105289132236,0.546585542267,0.0443229943128,13
M,0.424787826523,0.424464379121,0.37022577477,0.24321939159,0.313749877635,0.231807760928,0.144907819251,7
M,-0.158163983282,-0.0290367123443,0.0115632943956,0.094340160645,-0.418441940688,-0.0601600362561,0.331708208423,12
F,0.383148411537,0.172519328307,-0.227545025854,-0.0953279006963,0.0456550272338,-0.0555980394251,-0.304131577795,8
M,0.966100221341,1.18029953156,0.967996575393,0.988635267077,0.572833136426,1.08490116832,1.21182542663,10
M,0.841181976383,1.07952151124,0.728888255144,1.02432549367,0.960331575662,1.09402516199,0.877740115231,9
M,0.549706071481,0.57563140961,0.609334095019,0.583806125397,0.708007010578,0.843115336281,0.259861904895,10
I,-2.07357707264,-2.34693117984,-1.18397830685,-1.21804045735,-1.18668012545,-1.12766729471,-1.20939500224,5
M,0.632984901453,0.424464379121,0.250671614645,0.0770049077267,0.0456550272338,0.136005827477,0.11616929784,12
I,0.216590751592,0.424464379121,-0.227545025854,-0.0504601872608,-0.0985304385283,-0.365813823933,-0.0634464609783,6
M,0.0500330916483,0.122130318144,0.609334095019,0.134109270281,-0.181887660922,0.532899551774,0.0443229943128,11
I,-0.574558133142,-0.734482854624,-0.825315826477,-0.863177632901,-0.830722256851,-0.80832751654,-0.864532745309,8
I,0.299869581565,0.323686358796,0.728888255144,0.236081346271,-0.0219319098422,0.336733688041,0.439477663714,12
M,-0.824394623059,-0.784871864787,-0.227545025854,-0.791797179708,-0.934355560368,-0.794641526047,-0.602293737434,9
F,-0.241442813254,0.0213522978186,-0.347099185979,-0.149373100971,-0.107542030138,-0.470739751046,-0.178400546622,9
M,0.299869581565,0.424464379121,0.13111745452,0.133089549521,0.13126514753,0.263741738745,0.180830971015,9
I,-1.03259169799,-1.18798394609,-0.944869986602,-1.16399525707,-1.15063375901,-1.10941930739,-1.13036406836,7
I,-1.15750994295,-1.23837295625,-1.18397830685,-1.18438967227,-1.19794461496,-1.04555135175,-1.21298731742,6
F,0.466427241509,0.273297348633,0.0115632943956,0.253416599189,0.521016484668,0.327609694379,-0.21073138321,9
M,0.0500330916483,0.0717413079814,0.848442415268,-0.182004165288,-0.443223817616,-0.374937817595,0.184423286191,17
I,-0.949312868017,-0.83526087495,-0.944869986602,-0.886631210378,-0.682030995284,-1.05011334858,-0.954340624719,6
M,1.50741261616,1.48263359254,1.80487569627,2.67627312471,3.09607878726,1.8467546391,2.07757338414,11
M,-0.116524568296,0.0213522978186,0.13111745452,-0.0667757194192,0.12225355592,0.00826991620884,-0.311316208148,8
I,-1.61554350779,-1.49031800707,-1.30353246698,-1.28942091054,-1.20695620657,-1.25996520281,-1.32075677271,7
F,1.04937905131,1.38185557222,0.609334095019,1.50359425083,1.37486478973,1.50460487678,1.26571015428,16
I,-0.116524568296,-0.0794257225071,-0.347099185979,-0.553182521891,-0.440970919713,-0.557417690835,-0.620255313316,9
F,1.0910184663,1.23068854173,0.609334095019,0.927452021483,1.00764243162,-0.502673728863,1.15794069899,8
I,-0.116524568296,-0.0794257225071,-0.347099185979,-0.479762627178,-0.542351325327,-0.461615757384,-0.25024685015,8
F,0.216590751592,0.172519328307,-0.347099185979,0.275850455907,0.847686680535,-0.197019941186,-0.17121591627,8
F,-0.990952283003,-1.0368169156,-1.06442414673,-0.979425799529,-0.963643233101,-0.831137500695,-0.997448406835,9
F,1.04937905131,0.92835448075,0.489779934894,1.12935673194,1.54383213242,1.1259591398,0.579577955592,9
I,-0.116524568296,-0.0794257225071,0.13111745452,-0.512393691495,-0.578397691768,-0.343003839778,-0.444231869674,9
F,0.258230166579,0.172519328307,0.0115632943956,-0.0830912515775,-0.348602105709,-0.192457944355,0.331708208423,11
M,0.424787826523,0.424464379121,0.609334095019,0.189174191316,-0.143588396579,0.405163640506,0.123353928193,12
M,-0.990952283003,-1.0368169156,-0.466653346103,-1.04060904512,-1.06277074081,-0.822013507033,-1.0333715586,7
I,0.00839367666226,-0.180203742833,-0.466653346103,-0.335982000033,-0.21568112946,-0.30650786513,-0.437047239321,9
F,-0.990952283003,-0.986427905438,-0.466653346103,-1.0589640188,-0.997436701639,-1.11854330105,-1.0333715586,13
M,0.882821391369,0.777187450261,0.848442415268,0.96110280656,0.334025958758,1.03928120001,1.58901852015,23
F,0.674624316439,0.726798440098,0.250671614645,0.510386230684,0.410624487444,0.938917269732,0.389185251245,10
F,0.508066656495,0.374075368959,0.0115632943956,0.171838938397,0.320508571343,0.364105669027,0.101800037135,10
M,0.632984901453,0.626020419773,0.848442415268,0.563411710199,0.572833136426,0.60589150107,0.547247119005,15
I,0.674624316439,0.726798440098,0.37022577477,0.34825062986,0.295726694415,0.163377808463,0.439477663714,10
F,1.54905203115,0.92835448075,0.250671614645,0.994753591636,1.46047491002,0.920669282408,0.295785056659,10
I,0.549706071481,0.424464379121,0.13111745452,0.394138064055,0.30924408183,0.797495367971,0.188015601368,10
M,0.757903146411,0.978743490913,0.609334095019,1.04268046735,0.775593947654,0.920669282408,1.22978700252,12
F,1.21593671126,0.978743490913,0.848442415268,0.378842252657,0.352049141978,0.824867348957,0.974732624993,10
I,-1.24078877292,-1.28876196642,-0.944869986602,-1.16705441935,-1.09431131145,-1.11398130422,-1.19502574154,12
M,0.508066656495,-0.0290367123443,0.250671614645,0.872387100448,0.340784652466,0.19531178628,0.619093422533,15
F,0.799542561397,0.726798440098,0.967996575393,0.801006647255,1.00313663581,0.811181358464,0.5328778583,12
I,-1.15750994295,-1.28876196642,-0.944869986602,-1.12830503047,-1.03123017018,-1.09117132006,-1.19502574154,8
M,0.0500330916483,0.0717413079814,0.0115632943956,-0.213615508845,-0.220186925265,-0.119465995059,-0.243062219797,10
M,1.46577320117,1.43224458238,1.44621321589,1.41589826547,1.50327997017,1.14420712713,1.44891822827,13
I,0.299869581565,0.22290833847,-0.227545025854,-0.205457742765,-0.107542030138,-0.338441842947,-0.153254340388,8
I,0.13331192162,-0.12981473267,-0.107990865729,-0.353317252951,-0.400418757468,-0.233515915834,-0.336462414383,9
M,0.508066656495,0.676409429936,-0.466653346103,0.237101067031,0.228139757339,0.281989726069,0.295785056659,14
M,1.42413378619,1.43224458238,1.56576737602,2.74153525334,3.4858301244,2.60860810988,1.84766521285,10
F,1.88216735103,2.03691270433,2.28309233676,3.42576788324,3.9319039091,3.08761777713,2.68108233377,14
F,0.466427241509,0.474853389284,-0.466653346103,0.226903859432,0.178576003483,0.69713143769,0.188015601368,11
I,-0.532918718156,-0.48253780381,-0.825315826477,-0.739791420953,-0.616696956111,-0.744459560906,-0.925602103308,7
I,-0.0748851533098,-0.48253780381,-0.347099185979,-0.726535051074,-0.801434584118,-0.507235725694,-0.724432453431,9
M,0.882821391369,0.57563140961,0.250671614645,0.404335271654,0.800375824582,0.0675758750118,-0.451416500027,8
M,1.0910184663,1.1299105214,0.609334095019,1.18442165298,1.02115981903,1.0073472222,1.19386385075,9
M,-0.907673453031,-0.986427905438,-1.18397830685,-1.028372396,-1.03123017018,-0.977121399287,-0.889678951544,8
M,-0.0332457383238,-0.0794257225071,0.609334095019,0.0566104925287,-0.382395574247,0.186187792618,-0.207139068033,12
M,1.00773963633,0.92835448075,0.848442415268,1.03758186355,0.876974353268,1.16245511445,1.26571015428,10
F,0.466427241509,0.474853389284,-0.466653346103,0.499169302325,0.539039667888,0.847677333112,0.188015601368,10
F,-0.408000473198,-0.432148793647,-0.586207506228,-0.535847268973,-0.353107901514,-0.58022767499,-0.756763290018,7
M,-0.532918718156,-0.583315824136,-0.466653346103,-0.639858786483,-0.609938262403,-0.662343617948,-0.591516791905,10
M,0.383148411537,0.726798440098,0.848442415268,0.726567031783,0.516510688863,0.733627412337,1.01424809193,11
F,0.882821391369,0.92835448075,0.848442415268,0.574628638558,0.484970118228,0.797495367971,0.647831943943,10
M,-0.616197548128,-0.583315824136,-0.227545025854,-0.740811141713,-0.684283893187,-0.694277595765,-0.745986344489,8
M,-0.866034038045,-0.633704834298,-0.825315826477,-0.813211315666,-0.830722256851,-0.771831541892,-0.781909496253,7
M,0.299869581565,0.273297348633,0.967996575393,0.122892341922,0.0028499670857,0.213559773604,0.0802461460766,11
M,1.63233086112,1.38185557222,1.32665905577,1.87375288667,2.08227473112,1.8467546391,1.66445713886,11
F,1.59069144613,1.78496765352,2.16353817664,2.5365713806,2.28052974655,2.08854047114,2.34340470719,10
M,0.0500330916483,-0.0290367123443,0.250671614645,0.00562445453371,-0.0331963993548,0.0584518813498,0.0982077219584,10
M,-0.990952283003,-0.986427905438,-0.944869986602,-0.904986184057,-0.839733848461,-0.812889513371,-0.925602103308,7
I,0.13331192162,0.0717413079814,0.37022577477,-0.25848322228,-0.168370273507,-0.12402799189,-0.350831675088,10
I,-2.11521648763,-2.19576414935,-1.9013032676,-1.48826645872,-1.41872860941,-1.49262704119,-1.50037253153,5
M,0.0500330916483,0.323686358796,1.56576737602,0.012762499853,-0.177381865117,0.336733688041,0.0443229943128,14
F,1.00773963633,1.02913250108,0.489779934894,0.841795477651,1.00088373791,0.870487317267,0.547247119005,9
F,-0.616197548128,-0.583315824136,-0.347099185979,-0.785678855148,-0.785664298801,-0.826575503864,-0.674140040962,11
F,-0.949312868017,-0.885649885113,-0.586207506228,-0.900907301017,-0.875780214902,-0.730773570413,-1.00822535236,11
M,0.966100221341,1.07952151124,0.967996575393,0.85301240601,0.847686680535,1.02103321269,0.931624842877,10
I,-0.657836963115,-0.734482854624,-0.944869986602,-0.691864545238,-0.382395574247,-0.863071478512,-0.922009788131,7
M,0.466427241509,0.323686358796,0.489779934894,0.00154557149412,-0.103036234333,0.181625795787,0.0694692005474,9
F,1.29921554123,1.43224458238,1.68532153614,1.86763456211,1.07297647079,1.13508313347,2.77448252836,17
I,-1.69882233777,-1.59109602739,-1.4230866271,-1.37099857133,-1.36240616185,-1.33751914894,-1.28483362095,9
F,-0.699476378101,-0.684093844461,-0.825315826477,-0.947814455972,-0.952378743588,-0.913253443653,-0.871717375662,8
I,-1.61554350779,-1.59109602739,-1.06442414673,-1.2649476123,-1.15964535062,-1.28733718379,-1.34231066377,7
I,-0.616197548128,-0.734482854624,-0.825315826477,-0.778540809829,-0.567133202255,-0.251763903158,-0.860940430133,7
I,0.216590751592,-0.0290367123443,0.250671614645,-0.312528422555,-0.260739087511,-0.311069861961,-0.207139068033,10
M,0.924460806355,0.827576460424,0.489779934894,0.55525394412,0.786858437167,0.0538898845188,0.766378344764,10
F,0.674624316439,0.978743490913,0.967996575393,1.23438797021,1.66323572125,0.760999393323,1.38066423992,11
F,0.841181976383,0.626020419773,0.728888255144,0.869327938169,0.746306274921,0.555709535929,1.19386385075,10
F,0.508066656495,0.273297348633,0.848442415268,0.312560403263,0.207863676216,0.628701485225,0.223938753131,10
F,1.0910184663,0.92835448075,1.56576737602,1.42609547307,1.18111557011,1.75095270565,1.54231842286,11
F,0.674624316439,0.827576460424,0.250671614645,0.623575235033,0.753064968629,0.765561390154,0.40355451195,9
M,-0.449639888184,-0.331370773321,-0.227545025854,-0.623543254324,-0.654996220454,-0.44336777006,-0.674140040962,8
M,1.17429729627,0.978743490913,0.489779934894,0.938668949842,1.14957499947,0.660635463042,0.917255582171,11
M,0.841181976383,0.474853389284,0.728888255144,0.516504555243,0.613385298672,0.491841580295,0.547247119005,9
M,0.174951336606,0.323686358796,0.0115632943956,0.0219399866921,-0.0151732161346,0.0903858591668,-0.00237710298001,11
F,0.632984901453,0.57563140961,0.37022577477,0.430848011412,0.523269382571,0.633263482056,0.295785056659,11
M,0.882821391369,0.827576460424,0.967996575393,0.614397748194,0.444417955982,0.875049314098,0.547247119005,12
M,0.383148411537,0.122130318144,0.0115632943956,0.0933204398851,0.255174532169,-0.142275979214,0.0802461460766,8
M,-2.86472595738,-2.85082128146,-2.14041158785,-1.64326401422,-1.58093725839,-1.5975529683,-1.64406513858,3
I,-1.65718292278,-1.84304107821,-1.54264078723,-1.40668879793,-1.36465905975,-1.35576713626,-1.06929471036,6
F,0.13331192162,0.122130318144,0.0115632943956,-0.0514799080207,0.092965883187,-0.000854077453158,-0.207139068033,9
M,1.34085495622,1.28107755189,0.848442415268,1.23030908717,1.25095540509,0.60589150107,1.58901852015,11
I,-2.44833180751,-2.39732019,-2.14041158785,-1.57392300255,-1.50208583181,-1.52912301584,-1.60095735647,5
F,0.00839367666226,0.323686358796,0.250671614645,0.0280583112515,0.0411492314288,0.163377808463,0.00839984254911,12
M,-2.11521648763,-2.09498612902,-1.4230866271,-1.44441846604,-1.4097170178,-1.39226311091,-1.428526228,6
F,-0.741115793087,-0.583315824136,-0.466653346103,-0.755087232351,-0.754123728165,-0.735335567244,-0.781909496253,11
M,0.799542561397,0.777187450261,0.37022577477,0.44920298509,0.462441139202,0.459907602478,0.0802461460766,10
I,-0.0748851533098,0.122130318144,-0.107990865729,-0.240128248602,-0.100783336431,-0.333879846116,-0.243062219797,13
M,-0.28308222824,-0.280981763159,-0.107990865729,-0.585813586208,-0.639225935136,-0.780955535554,-0.350831675088,11
I,0.13331192162,0.22290833847,0.0115632943956,-0.0188488437039,0.153794126555,-0.0738460267491,-0.0670387761547,9
I,-0.449639888184,-0.230592752996,-0.227545025854,-0.493018997057,-0.429706430201,-0.58022767499,-0.465785760732,8
I,-0.366361058212,-0.532926813973,-0.347099185979,-0.682687058398,-0.54460422323,-0.885881462667,-0.638216889198,9
F,1.04937905131,1.02913250108,0.37022577477,0.734724797862,0.557062851109,0.888735304591,0.902886321466,13
I,-0.949312868017,-0.734482854624,-0.705761666353,-1.01715546765,-0.911826581343,-1.00449338027,-0.494524282143,7
M,0.341508996551,0.57563140961,0.250671614645,0.611338585914,0.0794484957718,1.56847283241,0.655016574296,16
M,-1.19914935793,-1.38953998674,-1.06442414673,-1.24353347634,-1.24300257301,-1.17784925985,-1.21298731742,6
I,-2.82308654239,-2.75004326114,-2.3795199081,-1.63510624814,-1.57192566678,-1.5975529683,-1.65124976894,5
M,0.632984901453,0.676409429936,0.37022577477,0.631733001112,0.642672971405,0.446221611985,0.511323967241,9
M,0.383148411537,0.424464379121,0.37022577477,0.746961446981,0.915273617611,0.692569440859,0.40355451195,10
M,0.632984901453,0.676409429936,1.56576737602,0.708212058104,0.748559172824,0.97541324438,0.496954706536,9
I,-0.824394623059,-0.280981763159,-0.825315826477,-1.02429351296,-1.04024176179,-0.931501430977,-0.997448406835,10
F,0.841181976383,1.07952151124,0.250671614645,0.841795477651,0.739547581214,1.14876912396,0.870555484879,15
I,-1.24078877292,-1.28876196642,-1.4230866271,-1.21192213279,-1.11233449467,-1.23259322182,-1.23454120848,6
M,0.174951336606,0.172519328307,-0.107990865729,0.0321371942911,0.0614253125516,0.268303735576,-0.0275233092146,10
M,1.13265788129,0.877965470587,1.32665905577,1.62901990429,1.05720618547,1.63234078804,1.76863427897,10
F,0.716263731425,0.777187450261,0.728888255144,0.55423422336,0.689983827358,0.441659615154,0.475400815478,11
F,0.00839367666226,-0.0794257225071,-0.586207506228,-0.406342732466,-0.468005694544,-0.333879846116,-0.422677978616,11
M,0.424787826523,0.374075368959,0.13111745452,0.0372357980906,0.250668736364,0.126881833815,-0.135292764506,9
F,-0.0332457383238,-0.0290367123443,0.0115632943956,-0.0229277267435,-0.359866595222,0.0219559067018,0.152092449604,17
M,-1.9070194127,-1.79265206804,-1.30353246698,-1.4352409792,-1.42999309893,-1.38770111408,-1.40697233694,8
F,1.29921554123,1.63380062303,1.56576737602,2.06648011029,1.19688585543,2.07485448065,2.95409828717,20
F,0.674624316439,0.57563140961,0.37022577477,0.5532145026,0.845433782633,0.783809377478,0.141315504075,10
F,0.0916725066344,0.525242399447,0.13111745452,-0.0841109723374,-0.0895188469181,0.181625795787,-0.278985371561,8
F,-0.324721643226,-0.381759783484,-0.586207506228,-0.714298401955,-0.720330259627,-0.776393538723,-0.789094126606,7
F,-0.449639888184,-0.532926813973,0.0115632943956,-0.807092991106,-0.932102662465,-0.780955535554,-0.623847628493,12
M,-2.03193765765,-2.09498612902,-1.4230866271,-1.50356227012,-1.47054526117,-1.45156906971,-1.50037253153,5
F,0.424787826523,0.626020419773,0.609334095019,0.0821035115262,0.340784652466,0.14969181797,-0.00596941815638,9
M,0.924460806355,1.18029953156,0.489779934894,0.746961446981,0.829663497315,0.596767507408,0.69093972606,12
F,1.13265788129,0.877965470587,1.68532153614,1.46688430347,1.64295964013,1.56847283241,1.10405597134,10
I,0.799542561397,0.626020419773,0.37022577477,0.279929338947,0.394854202126,-0.0875320172421,0.32452357807,11
M,0.299869581565,0.323686358796,-0.227545025854,-0.00661219458508,-0.526581040009,0.19531178628,0.331708208423,10
M,0.216590751592,-0.0290367123443,0.0115632943956,-0.0535193495405,-0.519822346302,-0.155961969707,0.11616929784,10
I,0.258230166579,0.22290833847,0.250671614645,-0.0932884591765,-0.0647369699903,-0.0464740457631,0.0586922550183,9
M,0.466427241509,0.525242399447,0.967996575393,0.644989370991,0.543545463694,0.879611310929,0.619093422533,11
M,-2.69816829743,-2.69965425098,-2.02085742772,-1.61879071599,-1.55390248356,-1.57474298415,-1.64406513858,5
F,1.21593671126,1.07952151124,0.728888255144,1.21909215881,1.35684160651,1.4498609148,0.942401788406,11
I,-0.449639888184,-0.280981763159,-0.347099185979,-0.702061752837,-0.668513607869,-0.666905614779,-0.69569393202,6
I,0.757903146411,0.827576460424,0.37022577477,0.325816773142,0.248415838462,0.131443830646,0.762786029587,13
I,0.00839367666226,-0.0794257225071,0.0115632943956,-0.271739592159,-0.53559263162,-0.187895947524,0.101800037135,10
M,0.383148411537,0.424464379121,0.37022577477,0.743902284701,0.692236725261,0.268303735576,0.748416768882,10
M,0.882821391369,0.92835448075,0.848442415268,0.888702632607,0.919779413416,1.14876912396,0.744824453706,10
I,-2.07357707264,-1.94381909853,-1.54264078723,-1.45461567364,-1.40070542619,-1.38313911725,-1.46444937976,7
I,0.258230166579,0.172519328307,0.967996575393,0.094340160645,0.0456550272338,0.181625795787,0.11616929784,11
F,0.716263731425,0.777187450261,0.250671614645,0.839756036132,1.09550544981,1.01190921903,0.500547021712,12
M,0.258230166579,0.273297348633,0.13111745452,0.285027942746,0.626902686087,-0.114903998228,-0.00237710298001,9
I,0.216590751592,0.0717413079814,0.13111745452,-0.0963476214562,0.0614253125516,-0.187895947524,-0.124515818977,8
F,1.00773963633,0.92835448075,1.44621321589,1.22317104185,1.2599669967,1.13508313347,0.870555484879,11
I,0.216590751592,-0.0794257225071,-0.107990865729,-0.227891599483,-0.125565213359,-0.283697880975,-0.128108134153,9
M,0.799542561397,0.424464379121,1.44621321589,0.0596696548084,0.311496979733,-0.256325899989,0.0119921577255,8
F,0.216590751592,0.172519328307,-0.107990865729,0.0464132849297,0.0118615586958,0.140567824308,0.223938753131,14
M,0.383148411537,0.273297348633,-0.347099185979,0.138188153321,0.106483270602,0.0265179035328,0.259861904895,9
M,-0.199803398268,-0.0794257225071,-0.227545025854,-0.116742036654,0.0479079251364,-0.187895947524,-0.199954437681,8
I,-1.07423111297,-1.18798394609,-1.06442414673,-1.07833871324,-0.907320785537,-1.02730336443,-1.1555102746,7
M,0.508066656495,0.525242399447,0.13111745452,0.213647489553,0.534533872083,0.0173939098708,-0.0275233092146,9
F,0.799542561397,0.726798440098,0.489779934894,0.578707521597,0.919779413416,0.583081516915,0.302969687012,8
M,-0.28308222824,-0.180203742833,-0.107990865729,-0.482821789458,-0.528833937912,-0.771831541892,-0.397531772381,15
I,-1.61554350779,-1.64148503756,-1.78174910747,-1.39547186957,-1.35790036604,-1.35576713626,-1.3530876093,6
F,1.00773963633,0.978743490913,0.609334095019,1.23132880793,1.46272780793,1.16245511445,0.698124356413,8
I,-2.07357707264,-2.09498612902,-1.78174910747,-1.45257623212,-1.36465905975,-1.52912301584,-1.46444937976,7
I,0.508066656495,0.676409429936,0.489779934894,0.45226214737,0.543545463694,0.487279583464,0.331708208423,10
F,0.0500330916483,0.172519328307,0.250671614645,0.0423344018901,-0.141335498676,0.46903159614,-0.264616110855,8
I,-0.574558133142,-0.331370773321,-0.347099185979,-0.603148839126,-0.569386100158,-0.680591605272,-0.386754826852,8
F,0.591345486467,0.726798440098,0.489779934894,0.776533349018,0.735041785409,1.05296719051,0.583170270769,8
I,-0.699476378101,-0.784871864787,-0.705761666353,-0.934558086094,-0.923091070855,-0.881319465836,-0.85375579978,7
F,-0.532918718156,-0.48253780381,-0.586207506228,-0.720416726515,-0.670766505772,-0.689715598934,-0.566370585671,8
I,0.799542561397,0.676409429936,0.489779934894,0.159602289279,0.0524137209414,-0.12402799189,0.493362391359,11
I,-0.616197548128,-0.684093844461,-0.466653346103,-0.685746220678,-0.533339733717,-0.666905614779,-0.85375579978,6
M,0.508066656495,1.02913250108,0.489779934894,0.793868601936,1.2599669967,0.551147539098,0.439477663714,11
I,-1.07423111297,-1.08720592576,-1.18397830685,-1.17419246467,-1.09881710725,-1.19153525034,-1.17706416565,6
I,-0.990952283003,-0.986427905438,-1.06442414673,-0.991662448648,-0.814951971534,-1.06379933908,-1.10162554695,8
F,-0.0332457383238,-0.0794257225071,-0.227545025854,-0.416539940065,-0.650490424649,0.236369757759,-0.494524282143,15
I,-0.0748851533098,-0.180203742833,0.0115632943956,-0.557261404931,-0.718077361725,-0.612161652807,-0.110146558271,12
F,0.674624316439,0.726798440098,0.0115632943956,0.330915376942,0.514257790961,0.491841580295,0.00839984254911,8
F,1.3824943712,1.5330226027,1.80487569627,1.81562880336,1.44470462471,1.08033917149,1.66086482368,17
M,-0.824394623059,-0.83526087495,-1.06442414673,-0.918242553935,-0.850998337974,-0.917815440484,-0.997448406835,7
I,0.674624316439,0.273297348633,-0.227545025854,0.150424802439,0.32726726505,-0.0601600362561,0.152092449604,11
F,0.341508996551,0.374075368959,-0.347099185979,0.00358501301392,-0.20666953785,-0.0191020647771,-0.0634464609783,11
I,0.466427241509,0.172519328307,0.13111745452,0.00256529225402,0.0884600873819,-0.183333950693,0.134130873722,11
M,0.716263731425,0.424464379121,1.20710489564,0.513445392964,0.710259908481,0.628701485225,0.392777566421,10
F,1.3824943712,1.18029953156,1.20710489564,1.35267557836,1.27573728202,1.91518459157,1.30163330604,12
I,-0.158163983282,-0.230592752996,-0.347099185979,-0.474664023379,-0.515316550497,-0.76270754823,-0.207139068033,9
M,0.632984901453,0.676409429936,1.20710489564,0.527721483602,0.196599186704,0.774685383816,0.619093422533,14
M,-0.657836963115,-0.885649885113,-0.466653346103,-0.845842379982,-0.72258315753,-0.826575503864,-0.875309690839,7
M,0.383148411537,0.273297348633,0.13111745452,0.156543126999,0.14928833075,0.500965573957,0.259861904895,10
F,0.174951336606,0.374075368959,0.848442415268,0.0484527264495,-0.0579782762827,0.0766998686738,0.40355451195,13
I,-1.32406760289,-1.33915097658,-0.107990865729,-1.20070520443,-1.13261057579,-1.24171721548,-1.18784111118,7
M,1.00773963633,0.978743490913,1.08755073552,1.29353177429,1.04819459386,1.91518459157,1.27289478463,10
F,-0.28308222824,-0.280981763159,-0.227545025854,-0.590912190007,-0.587409283378,-0.411433792243,-0.530447433907,12
M,0.216590751592,0.323686358796,0.37022577477,0.176937542197,0.0231260482085,0.131443830646,0.0802461460766,8
M,0.716263731425,0.726798440098,0.609334095019,0.846894081451,1.23969091558,0.69713143769,0.475400815478,12
I,-1.78210116774,-1.94381909853,-1.54264078723,-1.4301423754,-1.36465905975,-1.39682510774,-1.45726474941,7
F,0.632984901453,0.676409429936,0.967996575393,0.679659876827,0.683225133651,0.79293337114,0.583170270769,18
M,-0.449639888184,-0.432148793647,-0.107990865729,-0.625582695844,-0.540098427425,-0.256325899989,-0.674140040962,10
F,0.966100221341,0.777187450261,0.13111745452,0.621535793513,0.870215659561,0.637825478887,0.450254609243,11
M,1.25757612624,1.1299105214,0.13111745452,1.09264678459,0.890491740684,1.45898490847,1.0501712437,11
F,0.174951336606,0.273297348633,0.250671614645,-0.292134007357,-0.310302841366,-0.324755852454,-0.0993696127421,10
F,0.508066656495,0.57563140961,0.609334095019,0.217726372593,0.198852084606,0.427973624661,0.144907819251,9
M,1.50741261616,1.58341161287,8.97812530375,2.81699458958,3.37093233137,2.79108798312,1.9626192985,10
F,1.29921554123,1.5330226027,0.609334095019,1.65247348177,1.10902283723,0.911545288746,1.58901852015,15
M,1.00773963633,1.07952151124,0.848442415268,1.59638883998,1.41992274778,1.85587863276,1.0501712437,14
M,1.50741261616,1.5330226027,0.609334095019,1.72589337648,1.9718827339,2.08854047114,1.07172513476,10
F,0.757903146411,0.877965470587,0.609334095019,0.75307977154,0.820651905705,0.966289250718,0.57239332524,10
I,0.841181976383,0.22290833847,0.848442415268,1.18748081526,0.95807867776,1.06209118417,1.12201754722,12
M,0.508066656495,0.525242399447,0.609334095019,0.580746963117,1.00538953371,0.491841580295,0.252677274542,10
I,-1.57390409281,-1.59109602739,-1.06442414673,-1.31287448802,-1.26102575624,-1.19609724717,-1.32075677271,8
I,-0.324721643226,-0.381759783484,-0.586207506228,-0.391046921067,0.092965883187,-0.429681779567,-0.796278756958,7
M,1.13265788129,1.1299105214,1.20710489564,1.48727871867,1.78263931009,1.07121517783,1.15794069899,10
F,-1.28242818791,-1.33915097658,-0.944869986602,-1.23639543102,-1.20019751287,-1.41051109823,-1.14114101389,8
M,1.6739702761,0.978743490913,1.08755073552,2.34384415698,3.00370997326,2.23452436974,1.5207645318,12
I,-2.65652888244,-2.59887623065,-1.78174910747,-1.60859350839,-1.52912060664,-1.54737100316,-1.62251124752,4
I,0.757903146411,0.676409429936,-0.227545025854,0.0280583112515,-0.0286906035498,0.0995098528288,0.0874307764293,8
I,-1.24078877292,-1.64148503756,-0.944869986602,-0.886631210378,-0.871274419097,-0.817451510202,-0.907640527426,6
I,-0.532918718156,-0.583315824136,-0.944869986602,-0.729594213354,-0.483775979861,-0.94518742147,-0.832201908722,8
I,-2.03193765765,-1.9942081087,-2.02085742772,-1.47399036808,-1.43224599683,-1.4059491014,-1.49318790117,5
M,0.674624316439,0.626020419773,0.967996575393,0.584825846157,0.539039667888,0.692569440859,0.590354901122,10
F,1.21593671126,1.38185557222,0.848442415268,1.79115550512,1.53256764291,1.88325061375,2.41525101072,13
M,1.13265788129,0.978743490913,0.609334095019,1.11202147902,1.03467720645,1.55478684192,0.762786029587,10
I,-0.907673453031,-0.936038895276,-0.944869986602,-0.946794735212,-0.823963563144,-0.922377437315,-1.0333715586,8
I,-2.03193765765,-1.94381909853,-1.66219494735,-1.43728042072,-1.33537138702,-1.45156906971,-1.50037253153,6
F,0.591345486467,0.22290833847,1.68532153614,1.41895742775,1.32304813797,1.96536655671,1.22978700252,11
I,-0.49127930317,-0.532926813973,-1.18397830685,-0.808112711866,-0.715824463822,-0.972559402456,-0.799871072135,9
I,-1.61554350779,-1.54070701723,-1.30353246698,-1.35264359765,-1.33537138702,-1.29189918063,-1.28483362095,8
F,-0.28308222824,-0.331370773321,0.250671614645,-0.516472574535,-0.627961445623,-0.333879846116,-0.350831675088,9
I,0.716263731425,0.57563140961,-0.347099185979,0.191213632835,0.345290448271,0.0858238623358,0.152092449604,9
M,-0.0332457383238,-0.280981763159,-0.107990865729,-0.502196483896,-0.490534673569,-0.219829925341,-0.458601130379,8
F,0.632984901453,0.676409429936,0.250671614645,0.364566162018,0.374578121004,0.368667665858,0.295785056659,15
M,-0.949312868017,-0.936038895276,-1.06442414673,-1.06610206412,-1.07403523032,-0.977121399287,-1.06929471036,9
I,-0.699476378101,-0.83526087495,-1.18397830685,-0.97636663725,-0.952378743588,-1.03642735809,-0.961525255072,7
M,0.0500330916483,0.273297348633,0.489779934894,0.110655692803,-0.195405048337,-0.151399972876,0.69093972606,15
M,0.799542561397,0.92835448075,0.609334095019,0.975378897198,1.24419671138,0.674321453535,0.547247119005,9
M,0.799542561397,0.92835448075,1.44621321589,0.799986926495,0.455682445495,0.751875399661,1.37347960957,12
I,0.799542561397,0.777187450261,0.728888255144,0.773474186738,0.545798361596,1.13052113663,0.655016574296,15
F,-0.741115793087,-0.12981473267,-0.825315826477,-0.948834176732,-1.00644829325,-0.753583554568,-0.781909496253,9
F,0.299869581565,0.323686358796,0.37022577477,-0.383908875748,-0.105289132236,-0.0373500521011,0.0443229943128,8
M,0.716263731425,0.827576460424,0.250671614645,0.559332827159,0.295726694415,0.199873783111,0.870555484879,23
I,-0.657836963115,-0.734482854624,-0.705761666353,-0.851960704542,-0.724836055432,-0.794641526047,-0.932786733661,8
M,0.258230166579,0.273297348633,0.13111745452,0.187134749796,0.201104982509,0.427973624661,0.11616929784,8
M,-0.866034038045,-0.83526087495,-0.586207506228,-1.10179229072,-1.16865694223,-1.12766729471,-0.900455897073,15
M,0.799542561397,0.827576460424,0.728888255144,0.778572790538,0.717018602189,0.683445447197,0.69093972606,13
F,-1.19914935793,-1.0368169156,-0.825315826477,-1.11708810212,-1.14838086111,-1.08660932323,-1.06929471036,12
I,-2.15685590261,-2.04459711886,-1.66219494735,-1.47501008884,-1.44351048634,-1.2736511933,-1.46444937976,5
F,2.42347974585,2.44002478564,2.64175481714,2.90876945797,2.39317464167,2.18434240459,4.0138312642,14
M,1.46577320117,1.18029953156,0.848442415268,1.89618674339,2.32108190879,1.65058877537,1.66086482368,10
M,0.882821391369,0.726798440098,0.250671614645,0.713310661904,0.717018602189,0.615015494732,0.608316477003,8
F,0.799542561397,0.626020419773,0.0115632943956,0.415552200013,0.00510286498824,0.396039646844,0.870555484879,15
I,0.00839367666226,0.0213522978186,0.848442415268,0.0923007191252,-0.00390872662189,0.24093175459,-0.243062219797,18
I,-2.32341356256,-2.04459711886,-1.9013032676,-1.53415389291,-1.46603946537,-1.51999902218,-1.56144188953,4
M,1.34085495622,1.02913250108,0.967996575393,1.27619652137,1.22617352816,1.18526509861,0.960363364288,9
M,0.341508996551,0.374075368959,0.13111745452,0.197331957395,0.338531754563,0.2865517229,0.0622845701947,9
M,0.757903146411,0.827576460424,0.728888255144,0.644989370991,0.595362115452,0.250055748252,0.748416768882,13
F,0.924460806355,0.978743490913,0.13111745452,0.623575235033,0.65619035882,0.774685383816,0.547247119005,10
F,0.258230166579,0.122130318144,0.0115632943956,0.0800640700064,-0.132323907066,0.569395526422,-0.207139068033,13
F,0.299869581565,0.323686358796,0.0115632943956,0.203450281954,0.1042303727,0.0675758750118,0.439477663714,11
I,-1.24078877292,-1.28876196642,-1.30353246698,-1.04672736968,-0.776652707191,-1.22803122499,-1.23454120848,7
F,-0.324721643226,-0.280981763159,0.250671614645,-0.456309049701,-0.648237526746,-0.370375820764,-0.422677978616,15
F,0.882821391369,0.676409429936,0.250671614645,0.700054292025,0.795870028777,0.669759456704,0.554431749358,11
F,-0.0332457383238,0.0213522978186,0.489779934894,-0.238088807082,-0.337337616197,-0.251763903158,-0.0993696127421,10
M,-0.0332457383238,-0.0794257225071,-0.347099185979,-0.550123359612,-0.474764388251,-0.379499814426,-0.645401519551,8
M,0.591345486467,0.474853389284,0.250671614645,0.116774017363,0.325014367148,0.186187792618,-0.113738873448,10
I,-0.824394623059,-1.08720592576,-1.06442414673,-0.97330747497,-0.983919314224,-0.940625424639,-0.85375579978,8
F,0.882821391369,1.02913250108,1.08755073552,0.828539107773,0.685478031553,1.53653885459,0.486177761007,11
I,-1.03259169799,-0.936038895276,-1.18397830685,-1.01715546765,-0.938861356173,-1.02730336443,-1.14114101389,6
M,0.466427241509,0.424464379121,0.0115632943956,0.270751852108,0.570580238524,0.00826991620884,0.101800037135,9
M,0.716263731425,0.525242399447,0.489779934894,0.34927035062,0.606626604964,0.14969181797,0.259861904895,10
I,-0.990952283003,-1.08720592576,-1.18397830685,-1.14156140035,-1.15513955482,-1.03642735809,-0.925602103308,6
F,0.924460806355,0.777187450261,1.20710489564,1.11712008282,1.23743801767,0.984537238042,1.2010484811,11
M,-0.241442813254,-0.12981473267,-0.107990865729,-0.398184966386,-0.2517274959,-0.466177754215,-0.641809204374,8
I,-0.366361058212,-0.48253780381,-0.347099185979,-0.584793865448,-0.359866595222,-0.712525583089,-0.659770780256,7
I,-0.0748851533098,-0.180203742833,-0.347099185979,-0.526669782134,-0.546857121132,-0.493549735201,-0.386754826852,8
I,-0.324721643226,-0.48253780381,-0.466653346103,-0.638839065723,-0.508557856789,-0.712525583089,-0.659770780256,8
F,0.174951336606,0.374075368959,0.250671614645,-0.05861795334,-0.0264377056472,-0.160523966538,-0.228692959091,9
I,-1.99029824267,-2.04459711886,-1.66219494735,-1.47399036808,-1.44351048634,-1.38770111408,-1.47163401012,5
M,0.466427241509,0.424464379121,0.13111745452,0.354368954419,0.845433782633,0.154253814801,-0.0670387761547,8
M,-0.116524568296,-0.0290367123443,0.250671614645,-0.255424060001,-0.0557253783801,-0.425119782736,-0.361608620617,8
I,0.174951336606,0.122130318144,0.609334095019,0.132069828761,0.288968000707,0.354981675365,-0.0778157216838,8
F,-0.532918718156,-0.280981763159,-0.227545025854,-0.386968038028,-0.267497781218,-0.256325899989,-0.566370585671,11
M,0.216590751592,0.323686358796,0.489779934894,0.318678727823,0.473705628715,0.186187792618,0.223938753131,8
I,-2.28177414757,-2.29654216967,-1.78174910747,-1.55046942507,-1.50884452551,-1.50631303168,-1.55425725917,5
I,0.216590751592,0.424464379121,0.0115632943956,-0.154471704771,-0.0669898678928,-0.438805773229,0.00839984254911,8
F,0.632984901453,0.676409429936,0.37022577477,0.469597400288,0.367819427296,0.0858238623358,1.08609439546,11
M,1.21593671126,1.02913250108,0.967996575393,1.73609058408,2.55313039275,1.066653181,1.1112406017,13
I,-0.657836963115,-0.48253780381,-0.705761666353,-0.826467685544,-0.799181686216,-0.949749418301,-0.710063192725,9
F,1.17429729627,1.02913250108,0.848442415268,1.1252778489,1.42217564568,1.07577717466,0.619093422533,10
M,0.591345486467,0.474853389284,1.32665905577,1.02330577291,0.45117664969,1.30387701621,0.762786029587,19
F,0.632984901453,0.726798440098,0.967996575393,0.480814328647,0.406118691639,0.592205510577,0.619093422533,10
M,0.674624316439,0.777187450261,0.848442415268,0.644989370991,0.329520162953,0.815743355295,1.19386385075,16
F,-0.0332457383238,0.22290833847,0.250671614645,-0.205457742765,-0.258486189608,-0.210705931679,-0.0275233092146,11
F,-0.241442813254,-0.331370773321,0.250671614645,-0.472624581859,-0.440970919713,-0.415995789074,-0.437047239321,11
F,0.632984901453,0.676409429936,-0.107990865729,1.24764434009,1.03242430854,0.0949478559978,0.565208694887,9
I,0.0500330916483,-0.12981473267,-0.227545025854,-0.517492295295,-0.506304958887,-0.598475662314,-0.401124087557,9
F,1.0910184663,1.02913250108,0.848442415268,1.19563858134,1.03242430854,1.75095270565,0.89929400629,10
F,1.0910184663,0.525242399447,0.489779934894,1.3567544614,1.48750968485,1.37230696868,-0.404716402734,9
