M,1.04937905131,1.07952151124,0.848442415268,1.32922200088,0.766582356044,0.833991342619,2.05601949308,20
M,0.383148411537,0.525242399447,0.0115632943956,0.254436319949,0.392601304224,0.236369757759,0.0443229943128,12
I,-0.449639888184,-0.381759783484,-0.705761666353,-0.557261404931,-0.492787571471,-0.598475662314,-0.544816694612,8
M,0.632984901453,0.877965470587,1.08755073552,0.582786404637,0.658443256723,0.756437396492,0.920847897348,11
M,0.716263731425,0.626020419773,0.609334095019,0.455321309649,0.624649788185,0.56027153276,0.202384862073,9
I,-0.0332457383238,0.0717413079814,0.489779934894,-0.476703464899,-0.670766505772,-0.35212783344,0.152092449604,15
I,-0.324721643226,-0.331370773321,-0.347099185979,-0.544005035052,-0.490534673569,-0.420557785905,-0.620255313316,8
F,0.674624316439,1.07952151124,0.728888255144,0.938668949842,1.0842409603,1.03928120001,0.665793519825,9
F,1.63233086112,1.68418963319,0.967996575393,1.71671588965,1.67900600657,1.64146478171,1.88358836462,12
M,0.216590751592,-0.230592752996,-0.227545025854,-0.206477463525,-0.0737485616004,-0.165085963369,-0.350831675088,8
M,1.0910184663,0.978743490913,0.609334095019,0.899919560966,1.10001124562,0.742751405999,0.69093972606,10
I,-0.699476378101,-0.633704834298,-0.944869986602,-0.943735572933,-1.06952943452,-0.822013507033,-0.85375579978,13
I,-2.15685590261,-1.9942081087,-1.9013032676,-1.49336506252,-1.42774020102,-1.44700707288,-1.50037253153,5
I,0.466427241509,0.323686358796,0.13111745452,-0.077992647778,-0.0309435014523,-0.146837976045,0.0227691032546,10
F,0.591345486467,0.92835448075,0.967996575393,0.457360751169,0.365566529393,0.10407184966,1.08609439546,13
I,0.13331192162,-0.0794257225071,0.13111745452,-0.146313938691,-0.199910844142,0.00370791937784,-0.17121591627,11
F,-0.741115793087,-0.583315824136,-0.466653346103,-0.755087232351,-0.754123728165,-0.735335567244,-0.781909496253,11
F,0.424787826523,0.424464379121,-0.466653346103,0.264633527548,0.394854202126,-0.105780004566,0.259861904895,12
F,1.21593671126,1.38185557222,0.489779934894,1.45362793359,1.07748226659,0.692569440859,1.8404805825,15
M,-0.408000473198,-0.532926813973,-0.347099185979,-0.746929466272,-0.781158502996,-0.67146761161,-0.674140040962,9
I,-0.324721643226,-0.280981763159,-0.466653346103,-0.726535051074,-0.684283893187,-0.666905614779,-0.659770780256,6
M,1.42413378619,1.23068854173,1.68532153614,1.38938552572,1.37261189183,2.08854047114,1.0501712437,10
M,0.841181976383,1.07952151124,0.728888255144,1.02432549367,0.960331575662,1.09402516199,0.877740115231,9
I,-0.824394623059,-0.83526087495,-0.944869986602,-0.878473444299,-1.08529971984,-1.05923734224,-1.03696387378,6
F,1.13265788129,0.978743490913,1.08755073552,1.42609547307,1.48976258276,1.11227314931,1.45251054345,11
I,-2.11521648763,-2.14537513918,-1.78174910747,-1.47297064732,-1.405211222,-1.44244507605,-1.51114947706,5
M,-1.78210116774,-1.84304107821,-1.4230866271,-1.41586628477,-1.37592354926,-1.42875908556,-1.35667992447,7
I,-2.69816829743,-2.64926524081,-2.73818238847,-1.61981043675,-1.56967276888,-1.57930498098,-1.64406513858,5
M,0.508066656495,0.424464379121,0.848442415268,0.609299144394,0.599867911257,0.742751405999,0.69093972606,11
M,1.59069144613,1.28107755189,1.20710489564,1.72691309724,2.38641594797,1.20807508276,1.30163330604,10
M,0.924460806355,0.877965470587,0.728888255144,1.10284399219,1.34107132119,1.1396451303,0.906478636642,10
F,0.591345486467,0.57563140961,0.250671614645,0.401276109375,0.237151348949,0.856801326774,0.360446729834,11
M,-2.61488946746,-2.59887623065,-2.14041158785,-1.61165267067,-1.54939668776,-1.57018098732,-1.64406513858,3
M,0.549706071481,0.726798440098,0.489779934894,0.883604028807,0.942308392442,0.83855333945,0.69093972606,9
M,0.508066656495,0.474853389284,-0.347099185979,0.404335271654,0.142529637043,0.2865517229,0.0802461460766,17
M,-2.15685590261,-2.09498612902,-1.78174910747,-1.51885808152,-1.46603946537,-1.55193299999,-1.50037253153,7
M,-0.616197548128,-0.734482854624,-0.347099185979,-0.978406078769,-1.08304682193,-0.685153602103,-0.889678951544,10
F,0.341508996551,0.424464379121,1.32665905577,0.356408395939,0.210116574119,0.637825478887,0.331708208423,15
I,-1.32406760289,-1.33915097658,-1.18397830685,-1.21192213279,-1.13261057579,-1.18241125668,-1.26687204506,7
I,-1.94865882768,-1.9942081087,-1.9013032676,-1.44645790756,-1.36691195765,-1.43332108239,-1.50037253153,6
F,-0.616197548128,-0.48253780381,-0.347099185979,-0.67147013004,-0.702307076407,-0.735335567244,-0.494524282143,13
I,-0.949312868017,-0.986427905438,-1.18397830685,-1.01001742233,-0.88253890861,-1.09117132006,-1.06211008001,6
I,-1.78210116774,-1.79265206804,-1.66219494735,-1.43626069996,-1.39169383458,-1.4059491014,-1.44289548871,6
M,0.841181976383,0.827576460424,1.08755073552,0.693935967466,0.757570764434,0.665197459873,0.755601399235,11
M,0.882821391369,0.726798440098,1.08755073552,0.777553069778,0.768835253947,0.683445447197,0.597539531474,11
I,-1.69882233777,-1.79265206804,-1.9013032676,-1.42708321313,-1.34213008073,-1.39682510774,-1.46085706459,7
F,0.716263731425,0.626020419773,0.489779934894,0.501208743845,0.599867911257,0.505527570788,0.367631360186,8
M,0.882821391369,0.827576460424,0.609334095019,0.75817837534,0.971596065175,0.843115336281,0.396369881597,10
I,-0.949312868017,-0.83526087495,-0.705761666353,-1.02531323372,-1.02221857857,-0.963435408794,-0.990263776483,8
F,1.17429729627,1.18029953156,1.68532153614,1.66267068937,2.06650444581,1.4498609148,1.35551803369,10
I,0.258230166579,-0.12981473267,-0.227545025854,-0.551143080371,-0.618949854013,-0.511797722525,-0.494524282143,9
M,0.841181976383,0.978743490913,1.08755073552,0.668442948468,0.723777295896,0.546585542267,0.823855387586,10
F,0.674624316439,0.978743490913,0.967996575393,1.23438797021,1.66323572125,0.760999393323,1.38066423992,11
I,0.174951336606,-0.0290367123443,-0.107990865729,-0.477723185659,-0.40267165537,-0.566541684497,-0.386754826852,8
I,-0.616197548128,-0.784871864787,-0.825315826477,-0.932518644574,-0.778905605093,-0.931501430977,-1.01540998272,7
M,1.6739702761,0.978743490913,1.08755073552,2.34384415698,3.00370997326,2.23452436974,1.5207645318,12
I,-0.907673453031,-0.83526087495,-0.944869986602,-1.03449072056,-0.92759686666,-1.10485731055,-0.961525255072,10
I,-0.782755208073,-0.684093844461,-3.3359531891,-0.817290198705,-0.688789688992,-0.863071478512,-0.889678951544,8
M,1.46577320117,1.73457864336,1.56576737602,2.65383926799,1.72181106672,2.82302196093,2.45117416248,20
M,0.632984901453,0.0213522978186,0.13111745452,0.224864417912,0.397107100029,0.140567824308,0.209569492426,8
M,1.21593671126,1.02913250108,0.967996575393,1.73609058408,2.55313039275,1.066653181,1.1112406017,13
I,-0.782755208073,-0.684093844461,-0.347099185979,-0.907025625576,-0.999689599541,-1.09117132006,-0.666955410609,14
F,0.757903146411,0.626020419773,0.37022577477,0.520583438283,1.03242430854,0.259179741914,0.0515076246656,9
I,0.466427241509,0.626020419773,0.250671614645,0.159602289279,0.381336814711,0.0447658908568,0.0407306791365,11
M,0.508066656495,0.474853389284,0.13111745452,0.253416599189,0.15829992236,0.802057364802,0.137723188899,10
F,0.924460806355,0.92835448075,0.609334095019,1.28639372897,1.55734951983,0.765561390154,1.08609439546,9
I,-2.07357707264,-2.14537513918,-1.18397830685,-1.4607339982,-1.37367065136,-1.37857712041,-1.46085706459,6
M,-0.366361058212,-0.331370773321,0.13111745452,-0.105525108295,-0.645984628844,-0.461615757384,-0.494524282143,9
F,0.13331192162,0.676409429936,0.37022577477,0.202430561194,0.156047024458,0.122319836984,0.152092449604,11
M,0.508066656495,0.424464379121,0.250671614645,0.44512410205,0.325014367148,0.870487317267,0.547247119005,14
M,1.79888852106,1.73457864336,1.56576737602,3.16573908946,2.05523995629,2.63598009086,1.79018817003,12
I,-2.65652888244,-2.59887623065,-1.78174910747,-1.60859350839,-1.52912060664,-1.54737100316,-1.62251124752,4
I,0.549706071481,0.525242399447,0.13111745452,0.14838536092,0.268691919585,-0.0191020647771,0.152092449604,11
I,-0.574558133142,-0.381759783484,-0.705761666353,-0.641898228002,-0.54460422323,-0.520921716187,-0.810648017664,8
I,-1.57390409281,-1.59109602739,-1.4230866271,-1.34958443537,-1.3150953059,-1.35120513943,-1.30279519683,6
I,-0.741115793087,-0.83526087495,-0.705761666353,-0.941696131413,-0.90056209183,-0.917815440484,-0.961525255072,6
I,0.174951336606,0.22290833847,-0.227545025854,-0.141215334892,-0.00616162452443,-0.251763903158,-0.239469904621,8
M,-1.44898584785,-1.4399289969,-1.18397830685,-1.22823766494,-1.17090984013,-1.12310529788,-1.24891046918,6
M,1.25757612624,1.02913250108,0.728888255144,1.42405603155,2.02595228356,1.25369505107,0.734047508176,11
M,-1.19914935793,-1.38953998674,-1.06442414673,-1.24353347634,-1.24300257301,-1.17784925985,-1.21298731742,6
I,-1.36570701788,-1.38953998674,-1.18397830685,-1.24353347634,-1.18217432965,-1.27821319013,-1.24891046918,6
I,-1.44898584785,-1.28876196642,-1.54264078723,-1.2904406313,-1.24976126672,-1.28277518696,-1.25609509953,8
F,-0.0332457383238,-0.0290367123443,0.13111745452,0.000525850734217,-0.0264377056472,-0.110342001397,-0.243062219797,15
M,1.21593671126,1.18029953156,1.32665905577,1.24764434009,1.3523358107,0.79293337114,1.33755645781,9
F,0.424787826523,0.726798440098,0.609334095019,0.508346789164,0.683225133651,0.263741738745,0.48258544583,9
F,0.424787826523,0.374075368959,-0.107990865729,0.110655692803,0.0974716789921,0.208997776773,0.152092449604,11
M,0.632984901453,0.726798440098,0.609334095019,0.178976983717,0.243910042657,0.145129821139,0.241900329013,9
F,-0.782755208073,-0.83526087495,-0.586207506228,-0.901927021777,-0.954631641491,-0.676029608441,-0.925602103308,11
I,-1.15750994295,-1.18798394609,-1.18397830685,-1.21702073659,-1.2339909814,-1.19609724717,-1.14114101389,7
F,1.29921554123,1.63380062303,1.56576737602,2.06648011029,1.19688585543,2.07485448065,2.95409828717,20
I,-1.49062526284,-1.4399289969,-0.944869986602,-1.18948827607,-1.11909318838,-1.15960127253,-1.24891046918,7
M,1.21593671126,1.28107755189,1.20710489564,1.71365672737,1.74434004574,1.03015720635,1.93388077708,11
F,0.799542561397,0.92835448075,0.848442415268,0.728606473302,0.626902686087,1.10314915565,0.798709181351,12
F,-0.449639888184,-0.583315824136,-0.586207506228,-0.696963149037,-0.738353442848,-0.48898773837,-0.602293737434,8
I,-0.366361058212,-0.381759783484,-0.347099185979,-0.581734703168,-0.519822346302,-0.726211573582,-0.530447433907,9
F,0.549706071481,0.0717413079814,0.250671614645,0.105557089004,0.0231260482085,0.487279583464,-0.0275233092146,11
M,1.34085495622,1.28107755189,0.848442415268,1.23030908717,1.25095540509,0.60589150107,1.58901852015,11
I,-2.24013473258,-2.19576414935,-1.54264078723,-1.51375947772,-1.46378656746,-1.46069306337,-1.53629568329,5
M,-1.53226467782,-1.33915097658,-1.18397830685,-1.26902649534,-1.29256632687,-1.25540320598,-1.21298731742,10
I,-0.408000473198,-0.432148793647,-0.586207506228,-0.672489850799,-0.573891895963,-0.840261494357,-0.595109107082,10
F,0.0500330916483,0.0717413079814,-0.586207506228,-0.483841510218,-0.569386100158,-0.201581938017,-0.422677978616,11
F,0.0916725066344,0.525242399447,0.13111745452,-0.0841109723374,-0.0895188469181,0.181625795787,-0.278985371561,8
I,-0.907673453031,-0.936038895276,-0.825315826477,-1.01715546765,-0.986172212126,-1.00449338027,-1.0333715586,6
M,0.508066656495,1.02913250108,0.489779934894,0.793868601936,1.2599669967,0.551147539098,0.439477663714,11
I,0.216590751592,0.374075368959,0.13111745452,-0.0932884591765,-0.247221700095,-0.21526792851,0.188015601368,11
M,0.13331192162,0.122130318144,1.20710489564,-0.292134007357,-0.299038351854,-0.160523966538,1.01424809193,10
M,-0.366361058212,-0.381759783484,-0.107990865729,-0.402263849426,-0.0669898678928,-0.721649576751,-0.559185955318,7
I,-1.44898584785,-1.4399289969,-1.30353246698,-1.33632806549,-1.27003734785,-1.33751914894,-1.31357214236,6
M,0.424787826523,0.626020419773,1.08755073552,0.318678727823,0.0681840062591,0.336733688041,0.834632333115,10
M,0.632984901453,0.626020419773,0.250671614645,0.202430561194,0.284462204902,0.0219559067018,0.259861904895,8
M,-1.44898584785,-1.49031800707,-1.18397830685,-1.29248007282,-1.28355473526,-1.2736511933,-1.24531815401,9
I,-1.15750994295,-1.23837295625,-1.30353246698,-1.19254743835,-1.07178233242,-1.24171721548,-1.22735657812,8
M,0.632984901453,0.676409429936,0.37022577477,0.631733001112,0.642672971405,0.446221611985,0.511323967241,9
F,-0.657836963115,-0.83526087495,-0.347099185979,-0.762225277671,-0.814951971534,-0.621285646469,-0.710063192725,9
M,-0.0332457383238,0.0213522978186,-0.586207506228,-0.119801198934,-0.434212226006,-0.21526792851,0.152092449604,11
I,-1.82374058272,-1.79265206804,-1.54264078723,-1.39343242805,-1.35114167234,-1.36945312675,-1.35667992447,6
F,0.424787826523,0.424464379121,0.489779934894,0.487952373966,0.885985944878,0.304799710224,0.134130873722,10
I,-0.449639888184,-0.583315824136,-0.107990865729,-0.533807827453,-0.576144793865,-0.311069861961,-0.620255313316,11
M,0.799542561397,0.777187450261,1.56576737602,0.795908043456,0.126759351725,0.637825478887,1.0501712437,14
F,-0.158163983282,-0.0290367123443,0.967996575393,-0.454269608181,-0.542351325327,-0.520921716187,-0.422677978616,11
F,0.341508996551,0.424464379121,0.609334095019,0.118813458883,0.0479079251364,0.532899551774,0.0730615157238,11
M,-0.616197548128,-0.48253780381,0.489779934894,-0.533807827453,-0.835228052656,-0.511797722525,-0.0993696127421,12
M,0.258230166579,0.323686358796,0.250671614645,-0.150392821731,-0.235957210583,-0.256325899989,0.152092449604,12
M,0.549706071481,0.57563140961,0.0115632943956,0.443084660531,0.49623460774,0.751875399661,0.173646340662,7
I,-1.03259169799,-1.08720592576,-0.586207506228,-1.04162876588,-1.01771278276,-0.986245392949,-1.04414850413,6
I,-0.241442813254,-0.331370773321,-0.586207506228,-0.516472574535,-0.222439823168,-0.603037659145,-0.713655507902,8
F,0.0500330916483,0.273297348633,0.728888255144,-0.0270066097831,-0.274256474926,-0.233515915834,0.259861904895,13
I,-1.36570701788,-1.28876196642,-1.4230866271,-1.33224918245,-1.25426706253,-1.18697325351,-1.21298731742,6
F,1.34085495622,1.58341161287,0.848442415268,1.65043404025,1.8840197157,1.77376268981,1.43095665239,11
I,-0.782755208073,-0.734482854624,-0.825315826477,-0.919262274695,-0.772146911386,-0.931501430977,-1.06929471036,6
F,-1.11587052796,-1.08720592576,-0.944869986602,-1.14971916643,-1.13486347369,-1.10029531372,-1.0944409166,13
M,1.50741261616,1.58341161287,8.97812530375,2.81699458958,3.37093233137,2.79108798312,1.9626192985,10
F,0.882821391369,0.726798440098,0.848442415268,1.09876510915,0.640420073502,1.12139714297,1.98417318955,17
I,-0.616197548128,-0.734482854624,-0.825315826477,-0.951893339012,-0.90957368344,-0.922377437315,-0.929194418484,7
I,-0.0748851533098,-0.0794257225071,-0.466653346103,-0.346179207632,-0.400418757468,-0.0145400679462,-0.494524282143,13
F,-0.949312868017,-0.936038895276,-0.705761666353,-1.03551044132,-1.0537591492,-1.05011334858,-1.0333715586,10
I,-2.65652888244,-2.54848722049,-2.25996574797,-1.58921881395,-1.51335032132,-1.54737100316,-1.61532661717,3
I,-1.49062526284,-1.33915097658,-1.06442414673,-1.28330258598,-1.27904893946,-1.15960127253,-1.21298731742,6
M,0.341508996551,0.424464379121,0.37022577477,0.470617121048,0.514257790961,0.542023545436,0.188015601368,10
I,0.841181976383,0.22290833847,0.848442415268,1.18748081526,0.95807867776,1.06209118417,1.12201754722,12
I,-0.0748851533098,-0.12981473267,-0.347099185979,-0.556241684171,-0.404924553273,-0.771831541892,-0.494524282143,8
F,1.25757612624,1.23068854173,0.848442415268,1.25988098921,1.43344013519,1.36318297502,1.07890976511,10
M,0.466427241509,0.22290833847,-0.227545025854,-0.0626968363796,0.025378946111,-0.0692840299181,-0.0742234065075,10
M,0.882821391369,0.978743490913,0.37022577477,0.563411710199,0.597615013354,0.414287634168,0.619093422533,11
I,-0.0332457383238,0.172519328307,0.728888255144,-0.302331214956,-0.35761369732,-0.0601600362561,-0.314908523324,10
M,0.966100221341,1.02913250108,1.20710489564,1.59944800226,1.18111557011,1.64602677854,1.66086482368,14
M,-2.40669239253,-2.39732019,-2.02085742772,-1.58513993091,-1.53813219825,-1.55193299999,-1.57581115023,7
F,1.17429729627,1.07952151124,0.967996575393,1.14261310182,1.05945908337,1.30843901304,1.12201754722,10
M,-0.199803398268,-0.280981763159,-0.466653346103,-0.514433133015,-0.389154267955,-0.415995789074,-0.674140040962,9
M,-0.0332457383238,0.273297348633,1.32665905577,0.294205429585,-0.274256474926,0.300237713393,0.834632333115,18
M,1.13265788129,0.978743490913,0.609334095019,1.11202147902,1.03467720645,1.55478684192,0.762786029587,10
M,0.00839367666226,-0.230592752996,-0.944869986602,-0.646996831802,-0.510810754692,-0.730773570413,-0.670547725785,8
M,0.632984901453,0.726798440098,0.37022577477,0.377822531897,0.412877385347,0.0721378718428,0.619093422533,11
I,-0.699476378101,-0.784871864787,-0.705761666353,-0.915183391656,-0.73159474914,-0.926939434146,-1.06929471036,7
I,-1.03259169799,-0.986427905438,-0.586207506228,-1.04978653196,-0.923091070855,-1.10485731055,-1.09084860142,6
F,1.25757612624,1.38185557222,1.32665905577,1.84724014691,1.46498070583,1.72358072466,2.6307899213,20
I,-0.824394623059,-0.936038895276,-1.06442414673,-0.940676410653,-0.778905605093,-1.03186536126,-1.00822535236,7
I,-1.07423111297,-1.13759493593,-1.18397830685,-1.07324010944,-0.974907722613,-1.04098935492,-1.16628722012,5
M,0.174951336606,0.122130318144,-0.347099185979,0.297264591865,-0.0286906035498,-0.0601600362561,0.475400815478,13
F,-0.241442813254,-0.0794257225071,0.37022577477,-0.375751109669,-0.528833937912,-0.438805773229,-0.243062219797,17
F,0.341508996551,0.323686358796,0.489779934894,0.175917821437,-0.0241848077447,0.117757840153,0.583170270769,12
F,-0.990952283003,-0.83526087495,-0.705761666353,-0.961070825851,-0.965896131003,-0.986245392949,-0.925602103308,12
M,-0.408000473198,-0.230592752996,0.13111745452,-0.430816030703,-0.560374508547,-0.662343617948,-0.17121591627,14
F,0.341508996551,0.323686358796,-0.107990865729,0.00256529225402,0.151541228653,-0.0647220330871,-0.00596941815638,9
F,1.04937905131,0.92835448075,0.728888255144,1.17422444538,1.50778576598,1.25369505107,0.608316477003,11
M,0.757903146411,0.474853389284,0.250671614645,0.213647489553,0.101977474797,0.60589150107,0.162869395133,10
I,-0.741115793087,-0.734482854624,-0.944869986602,-1.01817518841,-1.03798886388,-1.0090553771,-0.925602103308,7
I,-0.824394623059,-0.83526087495,-0.586207506228,-0.938636969133,-0.889297602317,-0.858509481681,-0.965117570248,7
M,-0.116524568296,0.0213522978186,0.37022577477,0.925412579963,0.944561290344,1.0073472222,1.01065577676,9
I,-2.36505297754,-2.29654216967,-2.02085742772,-1.57698216483,-1.51335032132,-1.52912301584,-1.58658809576,4
I,-0.699476378101,-0.684093844461,-0.347099185979,-0.691864545238,-0.837480950559,-0.849385488019,-0.278985371561,13
I,-1.24078877292,-1.28876196642,-1.18397830685,-1.25169124242,-1.24074967511,-1.10029531372,-1.32075677271,6
I,-0.408000473198,-0.432148793647,-0.586207506228,-0.754067511591,-0.639225935136,-0.799203522878,-0.878902006015,7
F,0.841181976383,0.374075368959,0.489779934894,0.532820087402,0.453429547592,1.05752918734,0.468216185125,11
M,1.46577320117,1.58341161287,0.848442415268,2.09605201233,2.18590803464,1.94255657255,2.16378894837,10
M,-0.158163983282,-0.12981473267,-0.347099185979,-0.395125804107,-0.312555739269,-0.228953919003,-0.458601130379,9
F,1.34085495622,1.33146656205,1.80487569627,1.78197801828,1.37261189183,1.68708475002,1.68601102992,14
F,0.924460806355,0.92835448075,0.967996575393,0.985576104797,0.764329458142,0.619577491563,1.76863427897,18
I,-1.86537999771,-1.79265206804,-1.54264078723,-1.43116209616,-1.38493514087,-1.37401512358,-1.46804169494,6
I,-0.449639888184,-0.583315824136,-0.347099185979,-0.810152153386,-0.763135319775,-0.584789671821,-0.871717375662,6
F,0.632984901453,0.777187450261,0.13111745452,-0.107564549815,-0.0219319098422,-0.201581938017,0.00121521219636,9
F,0.174951336606,0.0213522978186,-0.347099185979,-0.356376415231,-0.292279658146,-0.447929766891,-0.243062219797,10
M,0.299869581565,0.424464379121,0.848442415268,0.371704207338,0.108736168505,0.236369757759,0.942401788406,15
I,0.924460806355,0.92835448075,0.967996575393,0.999852195436,0.85219247634,1.01647121586,1.80455743074,16
M,1.13265788129,1.02913250108,0.848442415268,0.793868601936,0.658443256723,1.11683514614,0.942401788406,11
I,-1.40734643286,-1.38953998674,-1.54264078723,-1.27412509914,-0.247221700095,-1.22803122499,-1.28842593612,7
F,0.757903146411,0.777187450261,0.489779934894,0.670482389988,0.635914277697,0.628701485225,0.547247119005,10
I,-0.324721643226,-0.633704834298,0.489779934894,0.0821035115262,-0.229198516875,0.0402038940258,0.575985640416,9
I,-0.0332457383238,0.0213522978186,0.0115632943956,-0.46752597806,-0.528833937912,-0.393185804919,-0.40830871791,11
F,-0.408000473198,-0.280981763159,-0.107990865729,-0.699002590557,-0.837480950559,-1.0090553771,-0.386754826852,7
M,0.299869581565,0.22290833847,0.37022577477,0.0790443492465,0.183081799288,-0.0784080235801,-0.0706310913311,8
I,-2.82308654239,-2.8004322713,-2.25996574797,-1.6310273651,-1.56516697308,-1.57930498098,-1.64765745376,4
F,1.04937905131,1.02913250108,0.848442415268,1.06307488255,0.971596065175,1.23088506692,1.07531744993,10
F,0.383148411537,0.374075368959,0.13111745452,0.0994387644445,0.237151348949,0.33217169121,-0.135292764506,8
F,0.00839367666226,0.172519328307,0.0115632943956,0.0912809983653,0.275450613292,0.0128319130398,-0.117331188624,10
I,-0.408000473198,-0.734482854624,-0.944869986602,-0.787718296668,-0.765388217678,-0.863071478512,-0.745986344489,9
F,0.341508996551,0.323686358796,0.37022577477,0.225884138672,0.306991183928,0.304799710224,0.223938753131,12
I,-1.86537999771,-1.79265206804,-1.06442414673,-1.40770851869,-1.36691195765,-1.31470916478,-1.45008011906,6
I,0.716263731425,0.172519328307,0.37022577477,0.44818326433,0.66520195043,0.136005827477,0.252677274542,11
I,-0.408000473198,-0.331370773321,-0.705761666353,-0.760185836151,-0.799181686216,-0.744459560906,-0.566370585671,9
M,0.00839367666226,-0.0794257225071,0.37022577477,-0.248286014681,-0.348602105709,-0.183333950693,-0.0993696127421,9
M,-0.324721643226,-0.532926813973,-0.466653346103,-0.574596657849,-0.650490424649,-0.174209957031,-0.710063192725,10
F,-0.699476378101,-0.583315824136,-0.347099185979,-0.86725651594,-0.830722256851,-1.07292333274,-0.789094126606,9
M,0.466427241509,0.323686358796,0.489779934894,0.00154557149412,-0.103036234333,0.181625795787,0.0694692005474,9
I,0.799542561397,0.424464379121,-0.107990865729,0.194272795115,-0.00616162452443,0.418849630999,0.414331457479,10
F,0.716263731425,0.877965470587,0.489779934894,0.530780645882,0.493981709838,0.158815811632,1.04298661334,11
M,0.383148411537,0.525242399447,0.728888255144,0.152464243959,0.216875267826,0.117757840153,-0.178400546622,7
I,-1.61554350779,-1.79265206804,-1.4230866271,-1.40464935641,-1.36465905975,-1.31470916478,-1.38541844588,7
M,1.00773963633,0.877965470587,1.20710489564,1.44852932979,1.13605761206,2.07485448065,1.48124906486,12
F,0.757903146411,0.676409429936,0.13111745452,0.252396878429,0.144782534945,0.131443830646,0.583170270769,9
M,0.508066656495,0.676409429936,0.250671614645,0.481834049407,0.775593947654,0.167939805294,0.356854414657,10
M,0.549706071481,0.424464379121,0.489779934894,0.34519146758,0.385842610516,0.304799710224,0.446662294067,9
I,-0.782755208073,-0.936038895276,-1.06442414673,-0.919262274695,-0.830722256851,-0.917815440484,-0.965117570248,8
I,-1.15750994295,-1.28876196642,-0.347099185979,-1.19254743835,-1.15964535062,-1.30102317429,-1.10521786213,6
F,1.04937905131,1.38185557222,0.848442415268,1.41895742775,1.03918300225,1.32668700037,1.8404805825,10
M,0.757903146411,0.626020419773,0.848442415268,0.842815198411,0.937802596637,0.970851247549,0.561616379711,11
I,0.757903146411,0.525242399447,1.20710489564,0.483873490927,0.334025958758,0.414287634168,0.655016574296,13
F,-0.408000473198,-0.48253780381,-0.347099185979,-0.778540809829,-0.855504133779,-0.908691446822,-0.710063192725,9
M,0.13331192162,0.474853389284,0.0115632943956,0.292165988065,0.268691919585,0.678883450366,0.216754122779,10
F,-0.0332457383238,0.0213522978186,-0.586207506228,-0.0443418627014,-0.332831820392,-0.0145400679462,-0.0275233092146,12
M,0.757903146411,0.777187450261,1.80487569627,0.270751852108,0.282209307,-0.0419120489321,0.367631360186,11
I,-1.36570701788,-1.4399289969,-1.30353246698,-1.30981532574,-1.3150953059,-1.31014716795,-1.27405667542,7
F,-0.49127930317,-0.532926813973,-0.586207506228,-0.730613934114,-0.738353442848,-0.571103681328,-0.810648017664,7
M,-0.324721643226,-0.180203742833,-0.466653346103,-0.46854569882,-0.488281775666,-0.420557785905,-0.501708912496,8
F,1.42413378619,1.43224458238,1.08755073552,1.73405114256,2.00792910034,2.01554852185,1.13279449275,10
M,0.591345486467,0.626020419773,0.848442415268,0.330915376942,0.101977474797,0.537461548605,1.87640373426,12
M,0.799542561397,0.626020419773,-0.107990865729,0.389039460256,0.775593947654,0.181625795787,0.0622845701947,8
I,-1.53226467782,-1.49031800707,-1.4230866271,-1.28228286522,-1.25877285833,-1.1413532852,-1.32075677271,6
F,0.674624316439,0.676409429936,0.848442415268,1.12833701118,1.12479312255,0.473593592971,1.14716375346,10
F,0.799542561397,0.676409429936,0.848442415268,0.382921135697,0.343037550368,0.304799710224,0.619093422533,10
I,-1.24078877292,-1.33915097658,-1.18397830685,-1.24557291786,-1.20019751287,-1.27821319013,-1.17347185048,6
M,0.383148411537,0.0717413079814,-0.227545025854,0.104537368244,0.306991183928,0.136005827477,-0.00596941815638,13
I,-2.32341356256,-2.34693117984,-2.02085742772,-1.53007500987,-1.43900469054,-1.48350304753,-1.57221883505,5
I,-2.28177414757,-2.24615315951,-1.78174910747,-1.54537082127,-1.497580036,-1.4789410507,-1.55425725917,5
M,-0.657836963115,-0.583315824136,-0.586207506228,-0.952913059772,-0.914079479245,-1.01361737393,-0.875309690839,8
M,0.424787826523,0.374075368959,0.13111745452,0.0963796021648,0.0907129852845,-0.174209957031,0.223938753131,10
M,0.258230166579,0.424464379121,0.848442415268,0.0923007191252,-0.143588396579,0.19531178628,0.475400815478,10
F,-0.408000473198,-0.432148793647,-0.586207506228,-0.535847268973,-0.353107901514,-0.58022767499,-0.756763290018,7
I,-0.866034038045,-1.0368169156,-0.944869986602,-0.993701890168,-0.878033112805,-0.940625424639,-1.09803323177,7
M,1.21593671126,1.43224458238,0.728888255144,0.85301240601,0.507499097253,0.592205510577,1.15794069899,21
I,-1.61554350779,-1.4399289969,-1.18397830685,-1.32307169562,-1.31284240799,-1.31927116161,-1.28483362095,6
F,0.674624316439,0.474853389284,0.13111745452,0.303382916424,0.489475914033,-0.0282260584391,0.259861904895,9
F,1.04937905131,0.92835448075,1.20710489564,1.29557121581,1.27123148621,1.44529891797,1.33396414263,9
F,0.299869581565,0.374075368959,0.967996575393,0.151444523199,-0.00841452242696,0.218121770435,0.40355451195,9
I,0.0500330916483,-0.0794257225071,0.13111745452,-0.558281125691,-0.747365034458,-0.457053760553,-0.314908523324,9
F,0.674624316439,0.726798440098,0.250671614645,0.510386230684,0.410624487444,0.938917269732,0.389185251245,10
M,0.383148411537,0.424464379121,0.0115632943956,0.201410840434,0.530028076278,-0.183333950693,0.0910230916057,8
F,0.966100221341,0.92835448075,0.848442415268,1.15281030942,0.604373707062,1.0073472222,1.15794069899,10
F,0.841181976383,0.827576460424,0.13111745452,0.186115029036,0.349796244076,-0.0647220330871,0.295785056659,10
I,0.716263731425,0.57563140961,-0.347099185979,0.191213632835,0.345290448271,0.0858238623358,0.152092449604,9
F,1.0910184663,1.33146656205,0.848442415268,1.48829843943,1.66323572125,2.02011051868,1.0501712437,11
M,-0.824394623059,-0.83526087495,-0.944869986602,-1.01817518841,-1.00419539535,-0.986245392949,-0.925602103308,7
F,1.00773963633,1.02913250108,1.20710489564,1.08958762231,0.962584473565,1.6551507722,0.870555484879,10
F,1.04937905131,1.18029953156,0.848442415268,1.21093439273,1.12929891835,1.08490116832,1.48124906486,20
M,-0.0748851533098,0.172519328307,0.13111745452,0.219765814113,0.62014399238,0.00370791937784,-0.146069710035,8
M,0.258230166579,0.273297348633,-0.107990865729,0.0596696548084,0.0794484957718,-0.201581938017,0.367631360186,15
I,-0.907673453031,-0.83526087495,-0.944869986602,-1.01001742233,-0.968149028906,-0.995369386611,-1.0333715586,7
M,-0.532918718156,-0.432148793647,-0.347099185979,-0.737751979433,-0.765388217678,-0.785517532385,-0.580739846376,10
F,1.00773963633,0.978743490913,0.609334095019,0.997812753916,0.858951170048,1.10314915565,0.69093972606,11
M,0.882821391369,0.626020419773,0.37022577477,0.619496351993,1.03467720645,0.277427729238,0.346077469128,8
I,-0.949312868017,-1.08720592576,-1.18397830685,-1.11912754364,-0.983919314224,-1.12310529788,-1.17706416565,8
I,-1.86537999771,-1.74226305788,-1.4230866271,-1.42300433009,-1.39394673248,-1.4059491014,-1.40697233694,4
I,0.13331192162,0.122130318144,0.0115632943956,-0.410421615505,-0.490534673569,-0.575665678159,-0.0275233092146,9
I,-1.44898584785,-1.4399289969,-1.4230866271,-1.29859839738,-1.25426706253,-1.22346922816,-1.33512603341,6
I,-0.699476378101,-0.784871864787,-0.107990865729,-0.855019866821,-0.884791806512,-0.730773570413,-0.860940430133,6
F,0.924460806355,0.978743490913,0.728888255144,0.886663191087,0.687730929456,1.29019102572,0.834632333115,9
M,1.63233086112,1.58341161287,1.44621321589,2.60387295076,2.96315781101,1.66427476586,1.83329595215,12
F,1.50741261616,1.48263359254,1.32665905577,1.88395009427,1.58213139676,2.19802839509,1.99135781991,12
M,-0.616197548128,-0.784871864787,-0.825315826477,-0.679627896119,-0.458994102933,-0.89956745316,-0.789094126606,8
F,0.174951336606,0.0213522978186,0.0115632943956,-0.179964723768,-0.012920318232,-0.0282260584391,-0.257431480502,9
I,-0.949312868017,-0.936038895276,-0.944869986602,-1.07833871324,-1.06051784291,-1.12310529788,-0.997448406835,8
I,-0.782755208073,-0.684093844461,-0.944869986602,-0.995741331688,-0.990678007931,-1.04098935492,-0.85375579978,8
F,0.924460806355,0.92835448075,1.20710489564,0.940708391362,1.05270038967,1.13052113663,0.813078442057,8
M,-0.0748851533098,-0.583315824136,0.37022577477,0.191213632835,0.266439021682,0.158815811632,0.24549264419,9
M,0.341508996551,0.374075368959,0.250671614645,-0.0667757194192,0.0186202524034,0.0310799003638,-0.142477394859,8
I,-2.07357707264,-2.09498612902,-1.78174910747,-1.50254254936,-1.44576338424,-1.43332108239,-1.52192642259,5
M,0.799542561397,1.02913250108,0.848442415268,1.6035268853,0.680972235748,0.10407184966,3.13371404599,12
M,0.882821391369,0.726798440098,0.250671614645,0.713310661904,0.717018602189,0.615015494732,0.608316477003,8
F,-2.07357707264,-2.14537513918,-1.66219494735,-1.5270158476,-1.47955685278,-1.45156906971,-1.53629568329,5
F,0.591345486467,0.424464379121,0.250671614645,0.581766683877,1.02341271693,0.364105669027,0.0802461460766,11
M,0.799542561397,0.676409429936,1.32665905577,1.08041013547,1.05495328757,1.42248893382,0.974732624993,10
F,-0.199803398268,-0.0794257225071,0.0115632943956,-0.341080603832,-0.463499898739,-0.0464740457631,-0.135292764506,8
I,0.216590751592,0.172519328307,0.37022577477,0.0892415568455,0.237151348949,0.0584518813498,0.026361418431,10
I,1.0910184663,1.07952151124,0.13111745452,0.85913073057,0.753064968629,0.934355272901,0.547247119005,15
F,0.674624316439,0.777187450261,0.609334095019,0.25035743691,0.424141874859,0.113195843322,0.270638850424,11
F,0.716263731425,0.777187450261,0.967996575393,0.919294255404,0.964837371467,0.957165257056,0.834632333115,7
F,-1.36570701788,-1.4399289969,-1.18397830685,-1.26902649534,-1.26778444994,-1.12766729471,-1.28483362095,8
I,0.841181976383,0.777187450261,0.250671614645,0.439005777491,0.354302039881,0.966289250718,0.281415795953,9
I,-0.532918718156,-0.583315824136,-0.825315826477,-0.934558086094,-0.90957368344,-0.94518742147,-0.896863581897,9
I,-0.574558133142,-0.381759783484,-0.347099185979,-0.807092991106,-0.71357156592,-0.493549735201,-0.674140040962,9
I,-1.74046175275,-1.74226305788,-1.54264078723,-1.42810293388,-1.38944093668,-1.39226311091,-1.42493391282,4
I,-0.0332457383238,-0.280981763159,-0.227545025854,-0.600089676847,-0.549110019035,-0.53460770668,-0.613070682963,8
M,1.29921554123,1.1299105214,0.609334095019,1.32310367632,1.64295964013,0.897859298253,1.2010484811,11
M,1.34085495622,1.28107755189,0.37022577477,1.13343561498,1.36134740231,0.309361707055,1.21182542663,10
M,-1.24078877292,-1.18798394609,-0.944869986602,-1.12728530971,-1.08980551564,-1.13222929154,-1.10521786213,9
F,0.674624316439,0.777187450261,0.489779934894,0.464498796488,0.0479079251364,0.500965573957,0.834632333115,10
M,1.00773963633,0.877965470587,1.08755073552,1.35573474064,0.753064968629,0.893297301422,1.55309536839,15
I,-0.199803398268,-0.230592752996,-0.466653346103,-0.637819344963,-0.73159474914,-0.457053760553,-0.530447433907,8
M,-1.03259169799,-1.0368169156,-1.30353246698,-1.0844570378,-1.13261057579,-1.00449338027,-0.997448406835,10
M,-0.0748851533098,-0.180203742833,0.0115632943956,-0.307429818755,-0.0827601532105,-0.438805773229,-0.860940430133,8
M,0.799542561397,0.92835448075,0.967996575393,1.14771170562,1.65197123174,0.902421295084,0.669385835002,11
I,-0.949312868017,-0.83526087495,-0.944869986602,-1.028372396,-1.02447147647,-0.99080738978,-0.954340624719,6
M,1.46577320117,1.48263359254,1.44621321589,2.09911117461,1.66999441496,1.69620874368,2.55894361777,11
M,0.216590751592,0.22290833847,0.967996575393,-0.00457275306528,0.365566529393,-0.197019941186,-0.0993696127421,10
F,1.0910184663,1.1299105214,0.848442415268,1.31188674796,1.20815034494,0.815743355295,1.51717221663,13
M,0.716263731425,0.525242399447,0.489779934894,0.34927035062,0.606626604964,0.14969181797,0.259861904895,10
F,0.174951336606,0.122130318144,0.848442415268,-0.152432263251,-0.465752796641,-0.0282260584391,0.259861904895,10
I,-0.824394623059,-0.83526087495,-0.705761666353,-1.01001742233,-0.839733848461,-1.23715521865,-0.997448406835,7
F,0.591345486467,0.676409429936,0.728888255144,0.85301240601,0.543545463694,0.405163640506,1.33755645781,20
M,1.0910184663,1.28107755189,1.56576737602,1.66369041013,1.67224731286,1.63234078804,1.58901852015,13
I,-1.82374058272,-1.84304107821,-1.18397830685,-1.39139298653,-1.33537138702,-1.33751914894,-1.41774928247,6
F,1.75724910608,1.58341161287,1.56576737602,2.64874066419,2.65676369627,2.54930215107,2.34340470719,12
M,0.0500330916483,0.0213522978186,0.609334095019,-0.197299976686,-0.76764111558,-0.0966560109041,0.511323967241,11
M,0.341508996551,0.626020419773,1.32665905577,0.638871046431,0.124506453822,0.706255431352,0.798709181351,17
I,-0.574558133142,-0.633704834298,-0.705761666353,-0.805053549586,-0.686536791089,-0.867633475343,-0.842978854251,8
M,1.42413378619,1.23068854173,1.20710489564,1.82990489399,1.81643277862,2.33032630319,1.55309536839,11
I,0.383148411537,0.273297348633,0.728888255144,0.0392752396104,0.183081799288,-0.133151985552,0.0802461460766,9
I,-2.07357707264,-2.09498612902,-1.66219494735,-1.49438478328,-1.45252207795,-1.44244507605,-1.50037253153,6
M,0.216590751592,0.172519328307,0.489779934894,-0.0728940439785,-0.0737485616004,0.208997776773,-0.17121591627,9
F,0.341508996551,0.374075368959,-0.347099185979,0.00358501301392,-0.20666953785,-0.0191020647771,-0.0634464609783,11
M,0.0916725066344,0.0213522978186,0.250671614645,-0.0372038173821,-0.0647369699903,0.0584518813498,0.00839984254911,11
M,-0.699476378101,-0.532926813973,-0.347099185979,-0.716337843475,-1.02447147647,-0.904129449991,-0.350831675088,9
F,0.716263731425,0.424464379121,-0.227545025854,0.0892415568455,0.133518045433,-0.0829700204111,0.238308013837,11
F,-0.158163983282,0.172519328307,0.0115632943956,0.04335412265,-0.380142676345,-0.165085963369,0.331708208423,19
M,0.258230166579,0.323686358796,0.250671614645,0.0188808244124,0.252921634267,-0.315631858792,-0.0634464609783,8
M,-2.11521648763,-2.09498612902,-1.4230866271,-1.44441846604,-1.4097170178,-1.39226311091,-1.428526228,6
M,1.21593671126,1.02913250108,0.848442415268,1.42303631079,1.31403654636,2.4352522303,0.762786029587,10
M,0.591345486467,0.525242399447,0.0115632943956,0.0474330056896,0.279956409097,0.409725637337,-0.0850003520366,9
I,-2.07357707264,-1.94381909853,-1.54264078723,-1.45461567364,-1.40070542619,-1.38313911725,-1.46444937976,7
I,-0.866034038045,-0.885649885113,-0.705761666353,-0.950873618252,-0.835228052656,-1.06836133591,-0.961525255072,7
I,0.466427241509,0.122130318144,0.0115632943956,-0.2605226638,-0.139082600774,-0.71708757992,-0.0957772975657,9
M,-0.408000473198,-0.48253780381,-0.944869986602,-0.816270477945,-0.733847647042,-0.744459560906,-0.911232842602,7
M,1.50741261616,1.5330226027,0.609334095019,1.72589337648,1.9718827339,2.08854047114,1.07172513476,10
M,0.466427241509,0.57563140961,0.848442415268,0.420650803813,0.187587595093,0.0538898845188,1.0501712437,17
F,0.924460806355,0.877965470587,-2.97729070872,0.668442948468,0.685478031553,1.16245511445,0.356854414657,9
M,-1.40734643286,-1.4399289969,-1.18397830685,-1.34754499385,-1.39394673248,-1.2736511933,-1.26327972989,8
I,-1.03259169799,-1.13759493593,-1.06442414673,-1.17623190619,-1.12134608628,-1.12310529788,-1.24172583883,6
M,0.591345486467,0.676409429936,0.0115632943956,0.411473316974,0.599867911257,0.33217169121,0.281415795953,10
M,-0.616197548128,-0.734482854624,0.0115632943956,-0.746929466272,-0.880286010707,-0.954311415132,-0.638216889198,14
I,-1.53226467782,-1.49031800707,-1.18397830685,-1.32511113714,-1.27679604155,-1.16872526619,-1.32075677271,6
M,0.924460806355,0.92835448075,0.728888255144,1.23540769097,1.13380471416,1.17157910811,1.28726404534,12
M,1.3824943712,1.43224458238,0.967996575393,1.75954416156,1.37937058553,2.02011051868,1.87640373426,11
F,-0.616197548128,-0.432148793647,-0.586207506228,-0.489959834777,-0.186393456727,-0.543731700342,-0.763947920371,8
F,1.04937905131,1.1299105214,1.32665905577,1.62901990429,1.48525678695,1.91518459157,1.38784887028,11
F,0.13331192162,0.172519328307,0.489779934894,0.238120787791,0.0366434356237,0.181625795787,0.40355451195,9
I,-0.324721643226,-0.381759783484,-0.586207506228,-0.391046921067,0.092965883187,-0.429681779567,-0.796278756958,7
M,0.549706071481,0.57563140961,0.37022577477,0.626634397313,0.744053377019,0.738189409168,0.259861904895,11
M,-0.241442813254,-0.0794257225071,-0.107990865729,-0.446111842102,-0.39366006376,-0.338441842947,-0.681324671314,7
F,0.424787826523,0.676409429936,0.489779934894,0.135128991041,0.00510286498824,0.368667665858,0.231123383484,9
I,0.13331192162,0.22290833847,0.728888255144,0.0148019413728,0.059172414649,0.00826991620884,0.00839984254911,9
F,1.21593671126,0.978743490913,0.848442415268,0.378842252657,0.352049141978,0.824867348957,0.974732624993,10
M,0.508066656495,0.827576460424,1.08755073552,0.698014850505,0.732788887506,0.665197459873,0.69093972606,10
I,-0.408000473198,-0.331370773321,-0.586207506228,-0.628641858124,-0.569386100158,-0.561979687666,-0.670547725785,7
I,-2.15685590261,-2.14537513918,-2.02085742772,-1.51885808152,-1.45477497585,-1.48806504436,-1.53629568329,7
I,-0.866034038045,-0.885649885113,-0.944869986602,-0.996761052448,-0.832975154754,-1.19153525034,-1.03696387378,8
M,0.799542561397,0.877965470587,0.848442415268,1.99306021558,1.27799017992,1.34949698452,3.49294556363,17
M,0.674624316439,0.676409429936,0.848442415268,0.864229334369,0.892744638586,1.1396451303,0.748416768882,9
M,0.383148411537,0.525242399447,0.37022577477,0.35029007138,0.426394772762,0.222683767266,0.188015601368,11
F,0.882821391369,0.877965470587,0.13111745452,0.64906825403,0.838675088925,0.779247380647,0.356854414657,9
F,-0.366361058212,-0.280981763159,0.13111745452,-0.486900672498,-0.573891895963,-0.361251827102,-0.0634464609783,12
I,0.757903146411,0.676409429936,-0.227545025854,0.0280583112515,-0.0286906035498,0.0995098528288,0.0874307764293,8
I,-1.9070194127,-1.89343008837,-1.78174910747,-1.42606349237,-1.38493514087,-1.39226311091,-1.46444937976,6
I,-0.449639888184,-0.583315824136,-0.227545025854,-0.739791420953,-0.787917196703,-0.744459560906,-0.674140040962,11
M,0.674624316439,0.474853389284,0.489779934894,0.560352547919,0.277703511195,1.10314915565,0.619093422533,9
M,-0.0332457383238,-0.0794257225071,-0.825315826477,0.0882218360856,0.415130283249,-0.174209957031,-0.28976231709,9
F,0.591345486467,0.525242399447,0.489779934894,0.188154470556,0.185334697191,0.199873783111,0.349669784305,9
M,-0.199803398268,-0.180203742833,-0.107990865729,-0.0963476214562,0.00735576289077,-0.210705931679,-0.00237710298001,9
M,-0.449639888184,-0.583315824136,-0.944869986602,-0.716337843475,-0.769894013483,-0.840261494357,-0.458601130379,8
F,1.54905203115,1.43224458238,0.728888255144,1.60148744378,1.72856976043,1.50004287995,1.51717221663,11
F,0.882821391369,0.827576460424,0.728888255144,0.788769998137,0.464694037105,0.218121770435,0.514916282418,10
I,-0.449639888184,-0.633704834298,-0.466653346103,-0.938636969133,-0.932102662465,-1.08660932323,-0.817832648017,8
F,0.757903146411,0.676409429936,0.728888255144,0.461439634209,0.827410599413,0.596767507408,-0.031115624391,9
I,-0.741115793087,-0.784871864787,-1.06442414673,-0.888670651898,-0.632467241428,-0.963435408794,-1.08007165589,6
I,-0.949312868017,-1.0368169156,-1.18397830685,-0.96922859193,-0.911826581343,-0.967997405625,-0.997448406835,7
I,-0.574558133142,-0.583315824136,-0.107990865729,-0.596010793807,-0.332831820392,-0.867633475343,-0.763947920371,7
I,-2.86472595738,-2.75004326114,-1.4230866271,-1.62286959903,-1.55390248356,-1.58386697781,-1.64406513858,5
F,1.0910184663,1.1299105214,1.44621321589,1.46586458271,1.59339588627,1.21719907642,1.63212630227,9
M,0.258230166579,0.323686358796,-0.107990865729,0.150424802439,0.0952187810895,0.272865732407,0.295785056659,13
F,-0.0332457383238,0.0213522978186,-0.347099185979,-0.2656212676,-0.292279658146,-0.165085963369,-0.17121591627,10
I,0.258230166579,0.172519328307,0.967996575393,0.094340160645,0.0456550272338,0.181625795787,0.11616929784,11
M,-0.616197548128,-0.885649885113,-0.944869986602,-0.913143950136,-0.850998337974,-0.963435408794,-0.889678951544,9
I,-0.241442813254,-0.280981763159,0.13111745452,-0.67045040928,-0.695548382699,-0.297383871468,-0.634624574022,8
M,0.0500330916483,0.0717413079814,-0.466653346103,-0.250325456201,-0.107542030138,-0.155961969707,-0.749578659666,9
F,0.632984901453,0.92835448075,0.37022577477,1.02636493519,1.19012716172,0.938917269732,0.798709181351,8
F,0.591345486467,0.57563140961,0.250671614645,0.505287626884,0.593109217549,0.359543672196,0.346077469128,9
F,-0.28308222824,-0.0794257225071,-0.586207506228,-0.529728944414,-0.465752796641,-0.438805773229,-0.674140040962,9
I,-0.28308222824,-0.180203742833,-0.466653346103,-0.648016552562,-0.625708547721,-0.707963586258,-0.462193445556,9
I,0.0916725066344,-0.0794257225071,0.13111745452,-0.252364897721,-0.238210108485,-0.402309798581,-0.135292764506,10
M,0.882821391369,0.57563140961,0.250671614645,0.404335271654,0.800375824582,0.0675758750118,-0.451416500027,8
F,0.508066656495,0.57563140961,0.728888255144,0.331935097702,0.12225355592,0.396039646844,0.188015601368,12
I,-0.449639888184,-0.331370773321,-0.825315826477,-0.735712537913,-0.869021521194,-0.662343617948,-0.494524282143,10
M,1.0910184663,0.777187450261,1.32665905577,1.6137240929,1.20815034494,1.61865479755,1.76863427897,17
M,1.25757612624,1.1299105214,0.13111745452,1.09264678459,0.890491740684,1.45898490847,1.0501712437,11
I,-0.408000473198,-0.432148793647,-0.944869986602,-1.42198460933,-0.706812872212,-0.849385488019,-0.832201908722,7
I,-0.49127930317,-0.532926813973,-1.18397830685,-0.808112711866,-0.715824463822,-0.972559402456,-0.799871072135,9
M,0.882821391369,0.777187450261,0.609334095019,0.824460224733,1.33881842329,0.464469599309,0.464623869948,10
I,-0.616197548128,-0.583315824136,-0.347099185979,-0.716337843475,-0.612191160306,-0.835699497526,-0.868125060486,6
I,0.00839367666226,0.0717413079814,-0.466653346103,-0.474664023379,-0.355360799417,-0.552855694004,-0.498116597319,9
F,-0.449639888184,-0.432148793647,-0.466653346103,-0.503216204656,-0.312555739269,-0.80832751654,-0.666955410609,8
I,0.341508996551,0.323686358796,-0.107990865729,-0.123880081974,-0.130071009164,-0.384061811257,0.0622845701947,9
F,0.216590751592,0.0717413079814,-0.107990865729,-0.133057568813,-0.186393456727,0.268303735576,-0.278985371561,9
M,0.841181976383,0.726798440098,0.967996575393,0.804065809535,0.926538107124,1.066653181,0.708901301942,10
M,1.13265788129,1.07952151124,0.37022577477,1.24968378161,1.55960241774,1.5958448134,0.69093972606,10
M,1.21593671126,0.978743490913,0.489779934894,0.876465983488,1.19913875333,1.18982709544,0.496954706536,12
M,0.424787826523,0.57563140961,-0.466653346103,0.458380471929,0.705754112676,0.345857681703,-0.0275233092146,9
I,-1.57390409281,-1.54070701723,-1.4230866271,-1.34754499385,-1.26327865414,-1.32383315844,-1.35667992447,5
M,0.299869581565,0.424464379121,1.08755073552,0.492031257006,0.0952187810895,-0.0510360425941,1.22978700252,19
M,-0.0748851533098,-0.12981473267,-0.466653346103,-0.372691947389,-0.335084718294,-0.402309798581,-0.480155021438,9
F,0.882821391369,0.676409429936,0.250671614645,0.700054292025,0.795870028777,0.669759456704,0.554431749358,11
F,1.25757612624,1.18029953156,0.728888255144,1.7993132712,2.1498616682,1.56391083558,1.69678797544,9
M,0.924460806355,1.02913250108,0.37022577477,0.667423227708,0.30924408183,0.989099234873,0.547247119005,18
I,-0.699476378101,-0.784871864787,-0.705761666353,-0.934558086094,-0.923091070855,-0.881319465836,-0.85375579978,7
I,-1.15750994295,-1.28876196642,-1.30353246698,-1.24659263862,-1.18217432965,-1.30102317429,-1.23454120848,8
I,-2.40669239253,-2.39732019,-1.78174910747,-1.56270607419,-1.51560321922,-1.51999902218,-1.55784957435,6
I,-0.532918718156,-0.532926813973,-0.705761666353,-0.800974666547,-0.729341851237,-0.771831541892,-0.817832648017,8
M,-0.241442813254,-0.0794257225071,0.0115632943956,-0.104505387535,-0.711318668017,-0.00541607428416,0.0802461460766,15
I,-1.74046175275,-1.79265206804,-1.66219494735,-1.39649159033,-1.38042934507,-1.36945312675,-1.428526228,8
M,0.299869581565,0.323686358796,-0.227545025854,-0.00661219458508,-0.526581040009,0.19531178628,0.331708208423,10
I,0.299869581565,0.323686358796,-0.227545025854,-0.214635229605,-0.04671378677,-0.288259877806,-0.278985371561,8
I,-1.28242818791,-1.33915097658,-0.944869986602,-1.11606838136,-0.941114254075,-1.18697325351,-1.22735657812,5
I,-0.199803398268,-0.280981763159,-0.347099185979,-0.631701020403,-0.499546265179,-0.612161652807,-0.753170974842,8
F,-1.11587052796,-1.18798394609,-0.347099185979,-1.06712178488,-1.07403523032,-0.89956745316,-1.06929471036,7
F,0.216590751592,0.323686358796,0.250671614645,0.134109270281,-0.202163742045,-0.270011890482,0.583170270769,19
M,0.174951336606,0.0213522978186,0.0115632943956,-0.187102769087,-0.04671378677,-0.279135884144,-0.192769807328,9
I,-0.741115793087,-0.83526087495,-0.944869986602,-0.943735572933,-0.835228052656,-0.986245392949,-0.932786733661,7
M,1.13265788129,0.877965470587,1.32665905577,1.62901990429,1.05720618547,1.63234078804,1.76863427897,10
F,0.258230166579,-0.0290367123443,-0.466653346103,0.171838938397,0.446670853885,0.140567824308,-0.232285274268,9
I,-0.408000473198,-0.432148793647,-0.466653346103,-0.609267163686,-0.490534673569,-0.758145551399,-0.548409009789,10
F,0.632984901453,0.676409429936,0.967996575393,0.717389544944,0.338531754563,0.610453497901,1.33755645781,19
I,0.549706071481,0.374075368959,-0.107990865729,-0.116742036654,-0.141335498676,-0.0555980394251,-0.0634464609783,9
F,0.216590751592,0.172519328307,-0.107990865729,0.0464132849297,0.0118615586958,0.140567824308,0.223938753131,14
M,0.716263731425,0.726798440098,1.08755073552,0.974359176438,1.48750968485,1.01190921903,0.367631360186,10
I,-0.0332457383238,-0.180203742833,0.0115632943956,-0.196280255926,-0.531086835815,-0.333879846116,0.152092449604,19
I,0.258230166579,0.22290833847,-0.347099185979,-0.26154238456,-0.0895188469181,-0.411433792243,-0.21073138321,8
M,0.966100221341,0.827576460424,0.0115632943956,0.744922005461,0.383589712614,0.523775558112,0.97832494017,15
F,0.716263731425,0.877965470587,1.08755073552,0.570549755518,0.0501608230389,1.21263707959,0.655016574296,12
I,-0.866034038045,-0.885649885113,-0.586207506228,-0.923341157735,-0.857757031682,-0.80832751654,-0.997448406835,5
M,0.716263731425,0.827576460424,0.489779934894,0.577687800837,0.475958526618,0.432535621492,0.734047508176,10
I,0.0500330916483,-0.12981473267,-0.227545025854,-0.517492295295,-0.506304958887,-0.598475662314,-0.401124087557,9
I,-0.699476378101,-0.684093844461,-0.466653346103,-0.67147013004,-0.283268066536,-0.785517532385,-0.864532745309,6
F,0.424787826523,0.726798440098,0.728888255144,0.5532145026,0.660696154625,0.619577491563,0.511323967241,10
I,-2.07357707264,-2.14537513918,-1.66219494735,-1.5117200362,-1.46378656746,-1.44700707288,-1.53270336811,4
I,0.0916725066344,0.424464379121,-0.107990865729,-0.205457742765,-0.337337616197,0.0356418971948,0.188015601368,9
M,0.882821391369,0.626020419773,0.13111745452,0.55423422336,0.723777295896,0.724503418676,0.267046535248,9
M,-0.199803398268,-0.180203742833,-0.107990865729,-0.345159486872,-0.202163742045,-0.247201906327,-0.591516791905,6
M,1.21593671126,1.1299105214,0.609334095019,1.14465254334,1.58438429466,0.966289250718,0.439477663714,11
F,0.466427241509,0.525242399447,1.08755073552,0.383940856456,-0.0354492972574,0.177063798956,0.583170270769,10
F,-0.616197548128,-0.583315824136,-0.347099185979,-0.785678855148,-0.785664298801,-0.826575503864,-0.674140040962,11
I,-0.241442813254,-0.381759783484,-0.347099185979,-0.716337843475,-0.785664298801,-1.00449338027,-0.501708912496,18
M,0.508066656495,0.726798440098,1.08755073552,0.430848011412,0.336278856661,0.770123386985,0.331708208423,10
F,0.841181976383,1.07952151124,0.37022577477,0.682719039107,0.577338932232,0.715379425014,0.834632333115,11
M,-0.241442813254,-0.280981763159,-0.466653346103,-0.723475888794,-0.73159474914,-0.676029608441,-0.605886052611,10
M,1.63233086112,1.5330226027,0.967996575393,1.54540280198,1.49426837856,1.77376268981,1.46328748898,11
M,0.383148411537,0.726798440098,0.848442415268,0.726567031783,0.516510688863,0.733627412337,1.01424809193,11
M,-2.86472595738,-2.85082128146,-2.14041158785,-1.64326401422,-1.58093725839,-1.5975529683,-1.64406513858,3
F,-1.36570701788,-1.38953998674,-1.18397830685,-1.3057364427,-1.23849677721,-1.29646117746,-1.32075677271,5
M,-0.0748851533098,-0.280981763159,-0.107990865729,-0.341080603832,-0.323820228782,0.263741738745,-0.602293737434,10
I,0.216590751592,0.0717413079814,0.13111745452,-0.0963476214562,0.0614253125516,-0.187895947524,-0.124515818977,8
I,-1.53226467782,-1.54070701723,-1.54264078723,-1.32307169562,-1.28355473526,-1.28277518696,-1.33871834859,6
I,-0.782755208073,-0.684093844461,-0.705761666353,-0.946794735212,-0.902814989732,-0.867633475343,-0.961525255072,7
M,0.424787826523,0.676409429936,0.13111745452,0.0576302132886,0.0321376398186,-0.0692840299181,0.216754122779,9
M,-0.28308222824,0.57563140961,-0.347099185979,-0.624562975084,-0.560374508547,-0.461615757384,-0.702878562373,7
I,-0.824394623059,-0.633704834298,-0.347099185979,-0.823408523265,-0.898309193927,-0.922377437315,-0.609478367787,13
M,0.757903146411,0.676409429936,0.728888255144,0.612358306674,0.541292565791,1.10771115248,0.439477663714,10
M,0.216590751592,0.424464379121,0.250671614645,0.378842252657,0.214622369924,0.190749789449,0.349669784305,10
I,-1.07423111297,-1.08720592576,-1.18397830685,-1.12116698516,-1.01545988486,-1.20065924401,-1.17706416565,8
I,-0.532918718156,-0.432148793647,-0.586207506228,-0.648016552562,-0.55361581484,-0.571103681328,-0.832201908722,7
I,-2.28177414757,-2.19576414935,-1.9013032676,-1.53415389291,-1.45702787376,-1.54280900633,-1.53988799847,6
I,-0.741115793087,-1.08720592576,-0.466653346103,-0.473644302619,-0.452235409226,-0.379499814426,-0.534039749083,8
M,-0.0332457383238,-0.230592752996,0.0115632943956,-0.345159486872,-0.499546265179,0.208997776773,-0.566370585671,9
I,-1.36570701788,-1.59109602739,-0.586207506228,-0.741830862473,-0.673019403674,-0.685153602103,-0.796278756958,7
M,1.21593671126,1.1299105214,1.20710489564,1.65145376101,2.03721677307,1.71901872783,1.09327902581,9
M,0.882821391369,0.827576460424,0.489779934894,0.532820087402,0.214622369924,0.396039646844,0.827447702762,12
M,0.0916725066344,0.122130318144,0.250671614645,-0.26358182608,-0.458994102933,-0.251763903158,0.00839984254911,12
I,-2.90636537236,-2.8004322713,-2.02085742772,-1.62592876131,-1.57192566678,-1.58842897464,-1.6261035627,5
F,0.674624316439,0.626020419773,0.609334095019,0.711271220384,1.13380471416,0.427973624661,0.382000620892,9
F,0.508066656495,0.525242399447,0.609334095019,0.467557958768,0.570580238524,0.633263482056,0.396369881597,9
M,-1.44898584785,-1.49031800707,-1.18397830685,-1.28636174826,-1.29256632687,-1.13679128837,-1.28483362095,10
M,0.383148411537,0.525242399447,0.250671614645,0.425749407612,0.820651905705,0.208997776773,0.0802461460766,9
M,0.424787826523,0.626020419773,0.609334095019,0.0494724472094,-0.303544147659,-0.0145400679462,0.798709181351,16
F,1.0910184663,0.92835448075,1.92442985639,1.08142985623,1.27348438411,1.32212500354,1.19386385075,13
F,1.88216735103,1.43224458238,1.32665905577,2.04710541585,2.12057399547,1.69164674685,1.4453259131,11
F,0.216590751592,0.22290833847,0.37022577477,-0.0892095761369,-0.317061535074,0.42341162783,-0.0418925699201,11
M,0.341508996551,0.273297348633,0.250671614645,0.328875935422,0.991872146298,0.0173939098708,-0.235877589444,8
I,0.424787826523,0.424464379121,0.13111745452,0.0882218360856,0.48722301613,-0.00541607428416,-0.156846655564,9
F,-0.158163983282,-0.0794257225071,-0.347099185979,-0.501176763136,-0.510810754692,-0.461615757384,-0.458601130379,7
M,0.341508996551,0.57563140961,0.250671614645,0.611338585914,0.0794484957718,1.56847283241,0.655016574296,16
M,0.383148411537,0.474853389284,0.250671614645,0.251377157669,0.135770943335,0.318485700717,0.256269589719,9
F,0.216590751592,-0.280981763159,0.609334095019,0.767355862179,0.827410599413,1.03471920318,0.687347410884,10
I,-0.616197548128,-0.784871864787,-0.944869986602,-0.851960704542,-0.742859238653,-0.735335567244,-1.01181766754,6
I,-1.32406760289,-1.38953998674,-0.825315826477,-1.25067152166,-1.20695620657,-1.2143452345,-1.26327972989,6
F,0.299869581565,0.22290833847,0.250671614645,0.0933204398851,0.421888976957,-0.178771953862,-0.135292764506,8
F,0.966100221341,0.777187450261,1.08755073552,1.20481606818,1.41541695197,1.51372887044,0.622685737709,11
F,0.841181976383,0.777187450261,-0.107990865729,0.966201410359,1.12929891835,0.79293337114,0.874147800055,14
I,-1.44898584785,-1.4399289969,-0.705761666353,-1.26392789154,-1.3218539996,-1.10941930739,-1.17706416565,9
I,-0.866034038045,-1.0368169156,-0.705761666353,-1.11912754364,-1.19569171706,-0.931501430977,-1.02977924342,9
I,-0.408000473198,-0.48253780381,-0.347099185979,-0.689825103718,-0.695548382699,-0.457053760553,-0.817832648017,8
M,-0.49127930317,-0.48253780381,-0.825315826477,-0.694923707517,-0.772146911386,-0.876757469005,-0.350831675088,10
I,0.383148411537,0.424464379121,0.13111745452,-0.15855058781,-0.346349207807,0.354981675365,-0.124515818977,10
I,-0.366361058212,-0.280981763159,-0.347099185979,-0.416539940065,-0.0895188469181,-0.657781621117,-0.519670488378,8
F,-1.07423111297,-1.13759493593,-1.06442414673,-1.23231654798,-1.26778444994,-1.1550392757,-1.14114101389,10
I,-1.28242818791,-1.28876196642,-1.30353246698,-1.24761235938,-1.12585188208,-1.32839515527,-1.27046436024,6
F,-1.44898584785,-1.33915097658,-1.78174910747,-1.27208565762,-1.28355473526,-1.22346922816,-1.21298731742,10
M,1.34085495622,0.978743490913,1.20710489564,1.43629268067,1.38612927924,2.0520444965,1.22978700252,10
I,-0.616197548128,-0.684093844461,-1.06442414673,-1.028372396,-0.995183803736,-1.06379933908,-0.961525255072,8
M,0.424787826523,0.323686358796,1.08755073552,0.400256388615,0.667454848333,0.400601643675,0.0694692005474,10
M,0.508066656495,0.474853389284,0.0115632943956,0.288087105026,0.462441139202,0.0402038940258,0.40355451195,9
I,-0.699476378101,-0.684093844461,-0.825315826477,-0.988603286368,-1.06502363871,-0.908691446822,-0.817832648017,8
M,-1.49062526284,-1.4399289969,-1.18397830685,-1.35774220145,-1.34213008073,-1.31014716795,-1.36745687,10
I,-1.44898584785,-1.4399289969,-1.4230866271,-1.28228286522,-1.21371490028,-1.26452719964,-1.28483362095,7
M,0.299869581565,0.474853389284,0.609334095019,0.063748537848,0.189840492996,-0.101218007735,0.0443229943128,11
I,0.466427241509,0.374075368959,0.250671614645,0.117793738123,0.106483270602,0.259179741914,0.11616929784,11
F,-0.741115793087,-0.83526087495,-0.705761666353,-0.806073270346,-0.817204869436,-0.749021557737,-0.602293737434,7
I,-1.94865882768,-1.9942081087,-1.9013032676,-1.47704953036,-1.43224599683,-1.44700707288,-1.46444937976,5
I,-2.4899712225,-2.39732019,-1.66219494735,-1.57494272331,-1.51109742342,-1.52912301584,-1.60095735647,4
F,1.25757612624,1.23068854173,1.32665905577,1.36593194824,1.1743568764,1.77376268981,1.33755645781,9
I,-1.40734643286,-1.38953998674,-0.825315826477,-1.13748251731,-0.977160620516,-1.16872526619,-1.18784111118,9
F,-0.116524568296,-0.331370773321,-0.705761666353,-0.506275366936,-0.328326024587,-0.571103681328,-0.652586149903,7
F,0.383148411537,0.424464379121,0.489779934894,0.291146267306,0.167311513971,0.678883450366,0.152092449604,12
I,-0.49127930317,-0.381759783484,-0.705761666353,-0.782619692869,-0.88253890861,-0.771831541892,-0.523262803554,7
I,-0.49127930317,-0.633704834298,-0.705761666353,-0.888670651898,-0.796928788313,-0.977121399287,-0.85375579978,8
I,-1.32406760289,-1.33915097658,-0.107990865729,-1.20070520443,-1.13261057579,-1.24171721548,-1.18784111118,7
F,-0.199803398268,-0.280981763159,0.37022577477,-0.354336973711,-0.53559263162,-0.343003839778,-0.243062219797,17
I,1.04937905131,1.18029953156,0.967996575393,1.62596074201,1.07072357289,1.49548088311,2.09194264485,18
F,-0.616197548128,-0.583315824136,-0.107990865729,-0.548083918092,-0.578397691768,-0.39774780175,-0.674140040962,13
M,0.299869581565,0.424464379121,0.13111745452,0.217726372593,0.295726694415,-0.146837976045,0.241900329013,11
I,-1.9070194127,-1.94381909853,-1.66219494735,-1.44339874528,-1.4074641199,-1.50631303168,-1.42493391282,6
M,-0.616197548128,-0.734482854624,-0.347099185979,-0.777521089069,-0.643731730941,-0.498111732032,-0.925602103308,6
M,0.716263731425,0.676409429936,0.609334095019,0.585845566917,0.30924408183,0.364105669027,0.547247119005,15
M,0.716263731425,0.676409429936,0.37022577477,0.691896525946,0.876974353268,0.532899551774,0.65142425912,10
F,0.841181976383,0.777187450261,0.609334095019,0.809164413335,0.667454848333,1.05296719051,0.870555484879,10
M,0.508066656495,0.57563140961,0.250671614645,0.308481520224,0.325014367148,0.674321453535,0.0586922550183,9
M,0.174951336606,0.0717413079814,0.0115632943956,-0.017829122944,0.4601882413,-0.48898773837,-0.149662025211,9
F,-0.28308222824,-0.180203742833,-0.107990865729,-0.510354249975,-0.508557856789,-0.525483713018,-0.278985371561,13
I,-1.19914935793,-1.33915097658,-1.06442414673,-1.17929106847,-1.19343881916,-1.05011334858,-1.17706416565,6
F,0.924460806355,0.92835448075,0.967996575393,0.872387100448,0.809387416192,1.01647121586,0.798709181351,10
I,-0.199803398268,-0.381759783484,-0.586207506228,-0.518512016055,-0.240463006388,-0.6258476433,-0.702878562373,7
I,-0.49127930317,-0.83526087495,0.0115632943956,-0.137136451852,0.0118615586958,-0.247201906327,-0.214323698386,10
M,0.549706071481,0.323686358796,0.250671614645,0.0892415568455,0.124506453822,0.313923703886,0.0443229943128,8
F,1.71560969109,1.68418963319,1.08755073552,2.14295916728,2.57565937178,1.81938265811,1.75067270309,12
F,0.841181976383,0.626020419773,0.13111745452,0.316639286303,0.521016484668,0.177063798956,0.188015601368,11
M,0.383148411537,0.374075368959,0.0115632943956,0.478774887127,0.753064968629,0.354981675365,0.00839984254911,8
M,0.841181976383,0.877965470587,0.848442415268,0.947846436681,0.996377942103,1.24457105741,0.834632333115,9
F,-0.324721643226,-0.432148793647,0.0115632943956,-0.426737147664,-0.449982511323,-0.329317849285,-0.444231869674,14
F,0.799542561397,0.626020419773,1.44621321589,0.809164413335,0.0974716789921,0.815743355295,1.40940276133,23
M,-0.241442813254,-0.12981473267,-0.466653346103,-0.56236000873,-0.609938262403,-0.393185804919,-0.516078173201,8
I,0.424787826523,0.323686358796,-0.347099185979,0.0464132849297,0.433153466469,-0.0829700204111,-0.304131577795,9
I,-0.449639888184,-0.381759783484,-0.466653346103,-0.730613934114,-0.787917196703,-0.685153602103,-0.602293737434,12
F,1.04937905131,1.07952151124,1.32665905577,1.1660666793,0.721524397994,1.63690278488,1.4453259131,13
I,-0.824394623059,-0.83526087495,-0.705761666353,-1.0436682074,-1.01095408905,-1.20978323767,-1.06929471036,8
M,-0.366361058212,-0.381759783484,-0.944869986602,-0.642917948762,-0.524328142107,-0.721649576751,-0.745986344489,8
I,-0.158163983282,-0.180203742833,1.08755073552,-0.441013238302,-0.416189042785,-0.35212783344,-0.480155021438,7
F,-0.824394623059,-0.633704834298,-0.705761666353,-0.942715852173,-1.0560120471,-0.908691446822,-0.875309690839,11
M,0.757903146411,0.877965470587,1.44621321589,0.795908043456,0.922032311319,0.42341162783,1.07531744993,10
F,0.0500330916483,0.172519328307,0.250671614645,0.0423344018901,-0.141335498676,0.46903159614,-0.264616110855,8
F,-0.158163983282,-0.230592752996,-0.107990865729,-0.428776589183,-0.488281775666,-0.575665678159,-0.278985371561,12
F,-0.49127930317,-0.583315824136,-0.107990865729,-0.412461057025,-0.452235409226,-0.329317849285,-0.458601130379,8
M,0.924460806355,1.18029953156,0.489779934894,0.746961446981,0.829663497315,0.596767507408,0.69093972606,12
I,-2.03193765765,-2.90121029163,-1.54264078723,-1.45155651136,-1.41422281361,-1.38313911725,-1.46804169494,4
M,1.63233086112,1.43224458238,1.56576737602,2.64364206039,3.54215257196,2.38963226199,1.95543466814,13
M,0.00839367666226,0.0213522978186,-0.227545025854,-0.288055124317,-0.0714956636979,-0.283697880975,-0.44782418485,9
I,-1.9070194127,-1.89343008837,-1.66219494735,-1.43320153768,-1.38718803878,-1.39682510774,-1.46444937976,6
I,0.00839367666226,-0.0290367123443,0.13111745452,-0.269700150639,-0.247221700095,-0.247201906327,-0.207139068033,8
F,0.508066656495,0.676409429936,1.08755073552,0.0586499340485,-0.0579782762827,-0.0191020647771,0.259861904895,12
F,1.04937905131,1.1299105214,1.32665905577,0.922353417683,1.07748226659,0.596767507408,1.03220966782,10
I,-0.741115793087,-0.684093844461,-0.705761666353,-0.860118470621,-0.860009929584,-0.981683396118,-0.781909496253,10
I,-2.15685590261,-2.04459711886,-1.66219494735,-1.47501008884,-1.44351048634,-1.2736511933,-1.46444937976,5
F,-0.782755208073,-0.684093844461,-0.466653346103,-0.892749534938,-0.91858527505,-0.780955535554,-0.706470877549,7
M,0.0916725066344,0.0213522978186,-0.466653346103,-0.296212890397,-0.211175333655,-0.137713982383,-0.573555216023,8
I,-1.69882233777,-1.69187404772,-1.66219494735,-1.41892544705,-1.35564746814,-1.41507309506,-1.42134159765,6
F,0.216590751592,-0.0290367123443,-0.347099185979,-0.36249473979,-0.283268066536,-0.39774780175,-0.278985371561,9
I,0.00839367666226,0.22290833847,0.250671614645,-0.188122489847,-0.166117375604,-0.178771953862,-0.17121591627,11
F,-0.199803398268,-0.381759783484,-0.107990865729,-0.77242248527,-0.846492542169,-0.685153602103,-0.602293737434,9
M,0.757903146411,0.676409429936,0.848442415268,0.559332827159,0.46919983291,1.17614110494,0.241900329013,10
M,1.00773963633,1.02913250108,1.32665905577,0.810184134094,1.03242430854,0.373229662689,0.974732624993,10
F,0.882821391369,1.02913250108,1.08755073552,0.828539107773,0.685478031553,1.53653885459,0.486177761007,11
M,0.216590751592,-0.0290367123443,0.0115632943956,-0.0535193495405,-0.519822346302,-0.155961969707,0.11616929784,10
I,-0.741115793087,-0.532926813973,-0.347099185979,-0.859098749861,-0.92759686666,-0.972559402456,-0.530447433907,9
M,1.04937905131,0.877965470587,0.728888255144,0.912156210084,1.18111557011,0.455345605647,1.15075606864,11
I,-1.19914935793,-1.18798394609,-0.944869986602,-1.20682352899,-1.13261057579,-1.28733718379,-1.12677175318,6
M,0.799542561397,0.777187450261,0.37022577477,0.44920298509,0.462441139202,0.459907602478,0.0802461460766,10
M,0.757903146411,0.525242399447,0.728888255144,0.464498796488,0.550304157401,0.833991342619,0.223938753131,10
M,0.216590751592,0.525242399447,0.848442415268,0.0821035115262,-0.19765794624,0.0173939098708,0.583170270769,10
M,-0.532918718156,-0.532926813973,0.0115632943956,-0.688805382958,-0.686536791089,-0.598475662314,-0.465785760732,10
I,-1.74046175275,-1.69187404772,-1.30353246698,-1.34040694853,-1.29932502058,-1.3329571521,-1.33153371824,7
M,-2.24013473258,-2.29654216967,-1.78174910747,-1.52905528912,-1.46603946537,-1.51999902218,-1.53629568329,5
I,-1.24078877292,-1.23837295625,-1.18397830685,-1.20682352899,-1.1416221674,-1.28733718379,-1.14114101389,8
M,1.0910184663,1.18029953156,0.489779934894,1.28741344973,1.47173939954,1.18982709544,1.19386385075,11
M,-1.28242818791,-1.28876196642,-0.825315826477,-1.21294185355,-1.21146200238,-1.11398130422,-1.17706416565,9
M,-0.49127930317,-0.583315824136,-0.466653346103,-0.628641858124,-0.711318668017,-0.165085963369,-0.386754826852,11
F,0.799542561397,0.726798440098,0.489779934894,0.578707521597,0.919779413416,0.583081516915,0.302969687012,8
F,1.17429729627,0.92835448075,0.848442415268,1.86253595831,1.06171198128,1.11227314931,3.49294556363,21
M,-1.78210116774,-1.64148503756,-1.06442414673,-1.38425494121,-1.38268224297,-1.33751914894,-1.37104918518,7
M,1.59069144613,1.43224458238,1.20710489564,2.39788935726,3.09607878726,2.06573048699,1.93028846191,12
M,0.632984901453,0.676409429936,1.56576737602,0.708212058104,0.748559172824,0.97541324438,0.496954706536,9
F,-0.616197548128,-0.48253780381,-0.705761666353,-0.778540809829,-0.70455997431,-0.89956745316,-0.781909496253,12
F,0.674624316439,0.777187450261,0.609334095019,0.370684486578,0.340784652466,0.259179741914,0.439477663714,19
M,0.716263731425,0.726798440098,0.728888255144,0.628673838832,0.437659262274,0.998223228535,0.777155290293,10
M,0.632984901453,0.676409429936,0.250671614645,0.328875935422,0.120000658017,0.354981675365,0.514916282418,10
F,1.00773963633,1.1299105214,0.967996575393,0.930511183763,0.982860554687,1.56391083558,0.561616379711,9
I,-0.657836963115,-0.986427905438,-1.18397830685,-1.00491881853,-0.91858527505,-0.826575503864,-1.10162554695,7
F,0.424787826523,0.626020419773,0.609334095019,0.0821035115262,0.340784652466,0.14969181797,-0.00596941815638,9
I,-0.699476378101,-0.83526087495,-1.18397830685,-0.97636663725,-0.952378743588,-1.03642735809,-0.961525255072,7
I,-0.0332457383238,-0.180203742833,-0.227545025854,-0.559300846451,-0.558121610645,-0.648657627455,-0.354423990265,7
M,1.04937905131,0.877965470587,0.489779934894,0.772454465978,0.858951170048,0.811181358464,0.583170270769,10
I,-2.57325005247,-2.59887623065,-2.02085742772,-1.60655406687,-1.55164958566,-1.56561899049,-1.6261035627,3
M,0.716263731425,0.626020419773,0.37022577477,0.415552200013,0.62014399238,0.336733688041,0.28500811113,9
M,-0.0748851533098,-0.381759783484,-0.586207506228,-0.436934355263,-0.080507255308,-0.233515915834,-0.666955410609,9
M,0.966100221341,1.78496765352,1.32665905577,1.66878901393,1.63620094642,1.37230696868,1.66804945403,12
I,-0.532918718156,-0.583315824136,-0.705761666353,-0.736732258673,-0.661754914161,-0.744459560906,-0.728024768607,7
M,1.42413378619,1.33146656205,1.32665905577,1.7585244408,1.84121465555,1.66427476586,1.70038029062,11
M,1.29921554123,1.33146656205,1.32665905577,1.94513333986,0.888238842781,1.30387701621,1.36270266404,11
M,1.0910184663,1.38185557222,1.20710489564,1.21501327577,1.23067932397,1.390554956,0.999878831228,10
I,-0.49127930317,-0.280981763159,-0.227545025854,-0.76426471919,-0.765388217678,-0.917815440484,-0.602293737434,11
I,-0.824394623059,-0.986427905438,-1.18397830685,-1.07629927172,-0.995183803736,-1.05467534541,-1.14114101389,7
I,-0.0748851533098,-0.0794257225071,-0.107990865729,-0.269700150639,-0.177381865117,-0.502673728863,-0.458601130379,9
F,1.54905203115,1.68418963319,0.848442415268,1.48116039411,1.29376046524,1.73270471833,2.02009634132,15
M,0.383148411537,0.273297348633,-0.347099185979,0.138188153321,0.106483270602,0.0265179035328,0.259861904895,9
M,1.00773963633,1.23068854173,1.32665905577,1.14465254334,1.29376046524,1.03928120001,0.967547994641,10
M,0.341508996551,0.374075368959,0.0115632943956,0.0148019413728,0.210116574119,-0.183333950693,-0.102961927918,9
I,-0.824394623059,-0.83526087495,-0.705761666353,-0.864197353661,-0.855504133779,-0.80832751654,-0.950748309542,8
F,-0.28308222824,-0.280981763159,0.37022577477,-0.511373970735,-0.540098427425,-0.502673728863,-0.422677978616,9
M,0.966100221341,0.978743490913,0.609334095019,1.25376266465,1.14957499947,1.12139714297,1.08609439546,18
F,1.63233086112,1.68418963319,0.728888255144,2.25308900935,2.49455504729,1.90149860107,1.94825003779,13
M,1.04937905131,0.92835448075,0.37022577477,0.761237537619,0.926538107124,1.21263707959,0.396369881597,11
F,1.00773963633,0.827576460424,0.489779934894,0.642949929471,0.640420073502,0.989099234873,0.575985640416,8
F,0.341508996551,0.374075368959,0.37022577477,-0.00559247382518,-0.0827601532105,0.227245764097,0.0622845701947,10
I,-0.158163983282,-0.280981763159,-0.466653346103,-0.478742906419,-0.449982511323,-0.338441842947,-0.422677978616,7
F,-0.0332457383238,0.172519328307,0.609334095019,0.325816773142,0.165058616068,0.405163640506,0.583170270769,16
F,0.966100221341,0.92835448075,0.250671614645,0.493050977766,0.0524137209414,0.820305352126,0.870555484879,8
M,-0.574558133142,-0.583315824136,-0.705761666353,-0.756106953111,-0.718077361725,-0.634971636962,-0.778317181077,8
M,0.0500330916483,0.0717413079814,0.0115632943956,-0.213615508845,-0.220186925265,-0.119465995059,-0.243062219797,10
F,0.632984901453,0.676409429936,0.967996575393,0.679659876827,0.683225133651,0.79293337114,0.583170270769,18
I,-1.24078877292,-1.28876196642,-1.4230866271,-1.27718426142,-1.24750836882,-1.20978323767,-1.24891046918,8
F,0.716263731425,0.626020419773,0.489779934894,0.383940856456,0.30023249022,0.409725637337,0.583170270769,12
I,0.841181976383,0.57563140961,0.37022577477,0.292165988065,0.201104982509,0.0356418971948,0.798709181351,14
M,0.799542561397,0.92835448075,0.609334095019,0.975378897198,1.24419671138,0.674321453535,0.547247119005,9
I,0.424787826523,0.424464379121,-0.107990865729,-0.0443418627014,0.0096086607933,-0.0419120489321,0.108984667488,10
F,-1.03259169799,-1.08720592576,-0.586207506228,-1.07324010944,-1.01771278276,-1.22346922816,-1.04414850413,8
M,-0.782755208073,-0.986427905438,-0.227545025854,-0.36759334359,-0.386901370052,-0.160523966538,-0.393939457205,9
F,1.29921554123,1.43224458238,1.68532153614,1.86763456211,1.07297647079,1.13508313347,2.77448252836,17
M,0.424787826523,0.424464379121,0.37022577477,0.116774017363,0.00510286498824,0.277427729238,0.134130873722,9
I,-0.616197548128,-0.532926813973,-0.825315826477,-0.783639413629,-0.73159474914,-0.799203522878,-0.756763290018,8
F,0.966100221341,0.877965470587,0.728888255144,0.811203854854,0.588603421744,1.79201067713,0.349669784305,11
I,-1.03259169799,-0.885649885113,-1.06442414673,-0.980445520289,-0.745112136555,-1.16416326936,-1.09084860142,6
I,-0.0748851533098,-0.180203742833,-0.347099185979,-0.526669782134,-0.546857121132,-0.493549735201,-0.386754826852,8
I,-0.324721643226,-0.230592752996,-0.227545025854,-0.531768385933,-0.490534673569,-0.0236640616081,-0.609478367787,7
I,-1.57390409281,-1.59109602739,-1.4230866271,-1.31695337106,-1.28806053107,-1.28277518696,-1.30279519683,6
M,-0.408000473198,-0.331370773321,-0.466653346103,-0.541965593532,-0.481523081959,-0.548293697173,-0.386754826852,10
F,-0.0748851533098,-0.12981473267,-0.107990865729,-0.637819344963,-0.711318668017,-0.44336777006,-0.552001324965,9
M,-0.449639888184,-0.331370773321,-0.466653346103,-0.555221963411,-0.600926670793,-0.53460770668,-0.314908523324,12
I,-3.28112010724,-3.15315534244,-2.49907406822,-1.66875703322,-1.59670754371,-1.58842897464,-1.69076523588,4
M,-2.65652888244,-2.54848722049,-2.25996574797,-1.60349490459,-1.54263799405,-1.5975529683,-1.60454967164,7
M,-0.28308222824,-0.280981763159,0.0115632943956,-0.139175893372,-0.515316550497,-0.12402799189,-0.386754826852,10
F,0.299869581565,0.22290833847,0.13111745452,0.1412473156,0.135770943335,0.473593592971,0.0443229943128,9
I,-2.36505297754,-2.34693117984,-1.78174910747,-1.55454830811,-1.47955685278,-1.52456101901,-1.59377272611,3
M,1.42413378619,1.38185557222,1.08755073552,1.51481117918,1.37486478973,1.85131663593,1.5207645318,13
M,0.757903146411,0.626020419773,0.489779934894,0.384960577216,0.512004893058,0.537461548605,0.295785056659,10
M,0.841181976383,0.92835448075,0.967996575393,1.10488343371,1.28700177153,1.11683514614,0.945994103582,12
I,-0.408000473198,-0.532926813973,-0.347099185979,-0.697982869797,-0.648237526746,-0.639533633793,-0.69569393202,9
I,-0.699476378101,-0.83526087495,-0.705761666353,-0.677588454599,-0.456741205031,-0.557417690835,-0.94356367919,8
F,0.299869581565,0.22290833847,-0.347099185979,-0.0535193495405,-0.208922435752,-0.0829700204111,0.173646340662,13
F,0.716263731425,0.777187450261,0.728888255144,0.55423422336,0.689983827358,0.441659615154,0.475400815478,11
M,0.549706071481,0.374075368959,0.0115632943956,0.208548885754,-0.0151732161346,0.487279583464,0.295785056659,12
I,-0.366361058212,-0.532926813973,-0.705761666353,-0.77344220603,-0.71357156592,-0.835699497526,-0.710063192725,8
I,-0.866034038045,-0.936038895276,-0.705761666353,-0.86929595746,-0.783411400898,-0.890443459498,-0.986671461306,8
I,-0.449639888184,-0.532926813973,0.967996575393,-0.711239239676,-0.693295484797,-0.689715598934,-0.634624574022,8
M,0.383148411537,0.323686358796,0.13111745452,0.107596530524,0.00510286498824,0.136005827477,0.249084959366,10
I,-3.19784127726,-3.05237732212,-2.49907406822,-1.66059926714,-1.59670754371,-1.61580095563,-1.67998829035,4
F,1.46577320117,1.18029953156,1.20710489564,1.66776929317,2.23096599269,1.15333112079,1.15434838381,9
M,0.882821391369,0.827576460424,0.250671614645,0.747981167741,1.01440112532,0.69713143769,0.439477663714,9
M,1.13265788129,0.978743490913,1.20710489564,1.24356545705,1.43344013519,0.952603260225,-0.437047239321,11
M,0.799542561397,0.978743490913,1.08755073552,1.42507575231,1.48976258276,1.70989473417,0.798709181351,13
F,-0.158163983282,0.676409429936,0.489779934894,0.584825846157,0.67421354204,0.532899551774,0.486177761007,8
I,-2.40669239253,-2.34693117984,-1.4230866271,-1.55862719115,-1.52236191293,-1.48806504436,-1.56144188953,5
F,0.0916725066344,0.0717413079814,1.08755073552,0.0260188697317,-0.204416639947,-0.201581938017,0.439477663714,15
F,1.42413378619,1.43224458238,0.489779934894,1.64737487797,1.50778576598,1.09402516199,1.4453259131,13
M,-0.28308222824,-0.230592752996,-0.347099185979,-0.448151283622,-0.238210108485,-0.771831541892,-0.440639554497,8
M,-1.78210116774,-1.89343008837,-1.30353246698,-1.39241270729,-1.34438297863,-1.31470916478,-1.39260307624,6
I,-1.36570701788,-1.38953998674,-1.30353246698,-1.2904406313,-1.22497938979,-1.32839515527,-1.25609509953,4
M,-0.0748851533098,-0.0290367123443,-0.227545025854,-0.217694391884,-0.177381865117,-0.452491763722,-0.207139068033,10
I,-0.699476378101,-0.633704834298,-0.227545025854,-0.77344220603,-0.677525199479,-0.885881462667,-0.753170974842,6
I,-0.532918718156,-0.734482854624,-0.705761666353,-0.784659134388,-0.605432466598,-0.967997405625,-0.925602103308,8
I,-1.11587052796,-0.986427905438,-0.825315826477,-1.14666000415,-1.08529971984,-1.16872526619,-1.13395638354,8
M,0.882821391369,0.827576460424,1.20710489564,0.711271220384,0.604373707062,1.42248893382,0.331708208423,11
I,-0.741115793087,-0.684093844461,-0.586207506228,-0.889690372658,-0.796928788313,-0.936063427808,-0.89327126672,6
F,0.799542561397,0.676409429936,0.250671614645,0.256475761469,0.430900568567,0.0538898845188,0.274231165601,9
M,1.84052793605,1.78496765352,1.80487569627,3.4063931888,2.55538329066,2.65879007502,3.31332980481,17
F,1.21593671126,1.1299105214,1.20710489564,1.00189163696,0.739547581214,1.17614110494,1.35551803369,13
I,-0.0332457383238,0.0717413079814,0.0115632943956,-0.390027200307,-0.231451414778,-0.429681779567,-0.508893542849,9
M,0.591345486467,0.676409429936,0.728888255144,0.54607645728,0.268691919585,0.441659615154,0.798709181351,17
F,0.591345486467,0.57563140961,0.0115632943956,0.579727242357,0.712512806383,0.578519520084,0.475400815478,12
M,0.424787826523,0.474853389284,-0.107990865729,0.159602289279,0.293473796512,0.14969181797,0.152092449604,9
I,-1.78210116774,-1.69187404772,-0.825315826477,-1.10179229072,-1.08755261774,-1.05467534541,-1.11958712283,6
I,-0.158163983282,-0.280981763159,-0.107990865729,-0.591931910767,-0.427453532298,-0.780955535554,-0.530447433907,9
M,-0.0332457383238,-0.280981763159,-0.107990865729,-0.502196483896,-0.490534673569,-0.219829925341,-0.458601130379,8
M,0.00839367666226,-0.0290367123443,-0.107990865729,-0.145294217931,-0.130071009164,0.323047697548,-0.314908523324,10
F,-0.449639888184,-0.48253780381,-0.466653346103,-0.716337843475,-0.670766505772,-0.685153602103,-0.638216889198,10
M,0.841181976383,0.877965470587,1.08755073552,1.13139617346,1.58213139676,1.09402516199,0.762786029587,11
I,0.799542561397,0.726798440098,0.967996575393,0.615417468954,0.762076560239,0.774685383816,0.48258544583,12
F,0.341508996551,0.474853389284,0.848442415268,0.375783090377,-0.0782543574055,0.24093175459,0.798709181351,19
M,0.591345486467,0.474853389284,1.32665905577,1.02330577291,0.45117664969,1.30387701621,0.762786029587,19
I,-0.824394623059,-0.684093844461,-0.944869986602,-0.911104508616,-0.880286010707,-0.771831541892,-0.997448406835,6
F,1.42413378619,1.58341161287,1.20710489564,1.90638395099,1.74434004574,1.99273853769,1.85844215838,11
M,0.258230166579,0.323686358796,0.13111745452,0.04335412265,0.257427430072,-0.110342001397,-0.0634464609783,8
M,0.0500330916483,0.22290833847,-0.107990865729,0.102497926724,-0.35761369732,0.327609694379,0.0802461460766,10
I,-1.28242818791,-1.28876196642,-1.18397830685,-1.24557291786,-1.17090984013,-1.15047727886,-1.27405667542,7
M,0.757903146411,0.978743490913,0.609334095019,0.689857084426,0.586350523842,1.04840519368,0.762786029587,10
M,0.383148411537,0.676409429936,1.32665905577,0.409433875454,0.46919983291,0.0903858591668,0.475400815478,18
M,0.466427241509,0.374075368959,0.250671614645,0.252396878429,0.325014367148,0.126881833815,0.346077469128,11
M,1.00773963633,1.07952151124,1.08755073552,1.28843317049,1.00989532952,1.23088506692,1.22978700252,19
I,-0.366361058212,-0.180203742833,0.13111745452,-0.502196483896,-0.576144793865,-0.543731700342,0.11616929784,15
I,-1.74046175275,-1.74226305788,-2.02085742772,-1.38221549969,-1.32635979541,-1.40138710457,-1.43571085835,6
I,-0.616197548128,-0.784871864787,-0.705761666353,-0.938636969133,-0.898309193927,-0.840261494357,-0.98307914613,6
F,0.216590751592,0.22290833847,0.250671614645,-0.354336973711,-0.431959328103,-0.53460770668,-0.128108134153,8
I,-0.990952283003,-0.986427905438,-1.18397830685,-1.053865415,-0.997436701639,-1.10029531372,-1.09084860142,8
I,-1.44898584785,-1.49031800707,-1.54264078723,-1.32307169562,-1.21371490028,-1.42419708872,-1.32075677271,5
I,-1.28242818791,-1.18798394609,-1.4230866271,-1.17113330239,-1.13261057579,-1.13222929154,-1.21298731742,6
M,1.54905203115,1.5330226027,0.848442415268,1.82582601095,0.931043902929,2.52649216692,1.60698009604,13
M,1.13265788129,1.18029953156,1.44621321589,1.3465572538,1.11352863303,1.81482066128,1.3088179364,10
F,-0.532918718156,-0.532926813973,-0.227545025854,-0.756106953111,-0.754123728165,-0.685153602103,-0.781909496253,13
F,-0.0332457383238,0.0213522978186,0.728888255144,0.0851626738059,0.0636782104541,0.350419678534,0.0802461460766,14
M,0.258230166579,0.273297348633,0.0115632943956,-0.16160975009,-0.0827601532105,-0.146837976045,-0.178400546622,8
M,1.42413378619,1.5330226027,1.20710489564,1.3567544614,1.03017141064,1.47723289579,1.76863427897,15
M,2.09036442596,1.63380062303,1.92442985639,2.45397399905,1.69252339399,2.69072405284,3.01516764517,17
F,0.299869581565,0.273297348633,0.250671614645,0.0872021153257,0.523269382571,0.0265179035328,-0.397531772381,9
I,-2.11521648763,-2.14537513918,-1.66219494735,-1.48214813416,-1.41647571151,-1.52456101901,-1.47163401012,8
F,0.841181976383,0.676409429936,0.848442415268,0.641930208711,0.523269382571,0.610453497901,0.791524550998,10
I,-0.324721643226,-0.48253780381,-0.466653346103,-0.638839065723,-0.508557856789,-0.712525583089,-0.659770780256,8
F,-0.532918718156,-0.583315824136,-0.586207506228,-0.792816900468,-0.763135319775,-0.712525583089,-0.781909496253,8
M,0.924460806355,1.1299105214,0.848442415268,0.944787274401,1.0842409603,0.806619361633,0.920847897348,11
M,-0.241442813254,-0.12981473267,-0.107990865729,-0.398184966386,-0.2517274959,-0.466177754215,-0.641809204374,8
M,0.0500330916483,-0.0290367123443,-0.227545025854,-0.185063327567,-0.337337616197,-0.0966560109041,-0.32927778403,9
I,0.13331192162,0.172519328307,-0.227545025854,-0.220753554164,-0.287773862341,-0.105780004566,-0.0993696127421,10
I,-0.366361058212,-0.381759783484,-0.466653346103,-0.641898228002,-0.684283893187,-0.452491763722,-0.602293737434,13
I,0.424787826523,0.424464379121,-0.227545025854,-0.0290460513029,0.196599186704,-0.0829700204111,-0.185585176975,10
I,-0.699476378101,-0.986427905438,-0.586207506228,-0.950873618252,-1.01545988486,-0.89956745316,-0.85375579978,11
F,1.46577320117,1.78496765352,1.08755073552,1.99611937786,1.55960241774,1.28562902889,1.69678797544,29
F,1.17429729627,1.1299105214,0.609334095019,1.753425837,1.66774151706,2.06573048699,1.34833340334,11
M,0.383148411537,0.122130318144,0.0115632943956,0.0933204398851,0.255174532169,-0.142275979214,0.0802461460766,8
M,1.13265788129,1.1299105214,1.20710489564,1.48727871867,1.78263931009,1.07121517783,1.15794069899,10
F,0.00839367666226,0.0213522978186,-0.586207506228,-0.110623712095,0.255174532169,-0.160523966538,-0.422677978616,7
I,-1.94865882768,-1.84304107821,-1.54264078723,-1.38017605817,-1.29932502058,-1.10941930739,-1.39260307624,9
M,0.508066656495,0.424464379121,0.250671614645,0.34315202606,0.207863676216,0.934355272901,0.0874307764293,11
M,-0.199803398268,-0.0794257225071,-0.347099185979,-0.318646747114,-0.105289132236,-0.552855694004,-0.404716402734,7
M,0.841181976383,0.726798440098,0.489779934894,0.841795477651,1.34332421909,0.74731340283,0.28500811113,9
M,-0.616197548128,-0.583315824136,-0.944869986602,-0.940676410653,-0.959137437296,-0.721649576751,-0.85375579978,10
F,1.25757612624,1.18029953156,0.728888255144,2.0001982609,1.91330738843,1.9197465884,1.55309536839,12
M,0.924460806355,1.02913250108,1.68532153614,1.56885637946,1.32530103587,0.938917269732,2.45117416248,15
M,0.841181976383,0.92835448075,0.728888255144,0.55015534032,0.473705628715,0.359543672196,0.827447702762,9
I,-0.532918718156,-0.583315824136,-0.586207506228,-0.842783217703,-0.808193277826,-0.753583554568,-0.871717375662,7
M,0.466427241509,0.474853389284,0.250671614645,0.581766683877,0.527775178376,0.318485700717,0.188015601368,8
F,1.59069144613,1.58341161287,0.967996575393,1.96042915126,2.18365513674,1.57759682607,2.15301200284,9
M,0.591345486467,0.474853389284,0.37022577477,0.432887452932,0.255174532169,0.272865732407,0.906478636642,14
M,0.424787826523,0.273297348633,0.250671614645,-0.048420745741,-0.299038351854,-0.165085963369,0.223938753131,17
F,1.0910184663,1.23068854173,0.609334095019,0.927452021483,1.00764243162,-0.502673728863,1.15794069899,8
I,-1.11587052796,-1.13759493593,-1.06442414673,-1.27616454066,-1.22497938979,-1.23715521865,-1.17706416565,7
F,-0.116524568296,-0.381759783484,1.68532153614,0.722488148743,0.669707746235,1.01647121586,0.748416768882,9
M,1.0910184663,1.1299105214,0.728888255144,0.643969650231,0.768835253947,0.386915653182,0.784339920646,9
F,0.757903146411,0.726798440098,0.489779934894,0.864229334369,1.01665402323,0.719941421845,0.655016574296,8
M,-0.616197548128,-0.83526087495,-0.586207506228,-0.812191594906,-0.612191160306,-0.931501430977,-0.886086636368,8
F,-1.15750994295,-1.0368169156,-0.825315826477,-1.01409630537,-1.00419539535,-0.967997405625,-0.997448406835,7
I,0.632984901453,0.726798440098,0.728888255144,0.181016425236,0.092965883187,0.382353656351,0.367631360186,8
M,-2.11521648763,-2.14537513918,-1.66219494735,-1.47399036808,-1.4097170178,-1.48350304753,-1.45726474941,7
M,1.21593671126,1.18029953156,1.44621321589,1.85947679603,1.17660977431,1.06209118417,3.00439069964,11
F,0.799542561397,0.92835448075,0.728888255144,0.65110769555,0.847686680535,0.359543672196,0.665793519825,10
F,0.216590751592,0.172519328307,0.13111745452,-0.0647362778994,-0.281015168633,-0.279135884144,0.188015601368,9
F,0.716263731425,0.777187450261,0.609334095019,0.526701762842,0.297979592317,0.46903159614,1.01424809193,11
F,0.299869581565,0.374075368959,1.32665905577,0.310520961744,-0.244968802193,0.400601643675,0.69093972606,16
I,-1.03259169799,-1.08720592576,-0.705761666353,-1.04774709044,-1.12810477999,-1.03642735809,-0.85375579978,9
M,-0.199803398268,-0.0794257225071,0.609334095019,-0.00763191534498,-0.474764388251,0.222683767266,0.331708208423,13
I,-0.408000473198,-0.48253780381,-0.705761666353,-0.686765941438,-0.668513607869,-0.644095630624,-0.638216889198,8
F,1.42413378619,1.23068854173,1.44621321589,2.48558534261,1.76011033106,2.17978040776,2.66312075789,14
F,0.674624316439,0.92835448075,1.08755073552,0.590944170716,0.493981709838,0.710817428183,0.69093972606,9
F,0.299869581565,0.273297348633,1.08755073552,0.565451151719,0.282209307,0.573957523253,0.655016574296,15
M,0.591345486467,0.626020419773,0.13111745452,0.330915376942,0.198852084606,-0.274573887313,0.726862877824,16
F,1.13265788129,0.92835448075,0.848442415268,1.01718744835,0.885985944878,0.911545288746,1.21901005699,9
I,-0.116524568296,-0.0794257225071,0.13111745452,-0.512393691495,-0.578397691768,-0.343003839778,-0.444231869674,9
F,0.00839367666226,-0.0290367123443,-0.586207506228,-0.221773274924,-0.220186925265,0.0995098528288,-0.278985371561,14
I,-2.07357707264,-2.34693117984,-1.18397830685,-1.21804045735,-1.18668012545,-1.12766729471,-1.20939500224,5
I,0.13331192162,0.122130318144,0.0115632943956,-0.330883396233,-0.211175333655,-0.388623808088,-0.354423990265,10
M,0.0916725066344,0.122130318144,0.609334095019,0.185095308276,-0.107542030138,0.163377808463,0.152092449604,16
M,-1.36570701788,-1.13759493593,-0.227545025854,-1.12626558895,-1.21596779818,-1.12766729471,-0.993856091659,10
I,-0.616197548128,-0.583315824136,0.0115632943956,-0.723475888794,-0.673019403674,-0.653219624286,-0.799871072135,16
M,1.04937905131,1.18029953156,1.20710489564,1.5984282815,1.8817668178,1.714456731,1.13279449275,11
M,1.29921554123,1.1299105214,0.848442415268,1.45668709587,1.77137482057,1.55478684192,0.971140309817,11
M,-0.449639888184,-0.180203742833,0.250671614645,-0.394106083347,-0.634720139331,-0.840261494357,0.11616929784,9
M,0.924460806355,0.827576460424,0.489779934894,0.55525394412,0.786858437167,0.0538898845188,0.766378344764,10
M,0.299869581565,0.424464379121,0.13111745452,0.133089549521,0.13126514753,0.263741738745,0.180830971015,9
M,0.591345486467,0.474853389284,0.13111745452,0.230982742472,0.31825567344,0.0128319130398,0.274231165601,11
F,-0.782755208073,-0.684093844461,-0.705761666353,-0.911104508616,-0.925343968758,-0.776393538723,-0.932786733661,8
M,0.674624316439,0.676409429936,0.848442415268,0.759198096099,0.811640314095,0.861363323605,0.504139336889,10
I,-1.53226467782,-1.49031800707,-1.30353246698,-1.3057364427,-1.25201416462,-1.34208114577,-1.28483362095,6
I,-0.532918718156,-0.684093844461,-1.18397830685,-0.907025625576,-0.810446175729,-1.02730336443,-0.925602103308,8
I,-1.07423111297,-0.986427905438,-1.06442414673,-1.05182597348,-1.02897727227,-0.99080738978,-1.0477408193,7
F,0.466427241509,0.676409429936,0.609334095019,0.427788849132,0.246162940559,0.724503418676,0.475400815478,13
F,0.424787826523,0.424464379121,0.489779934894,0.303382916424,-0.20666953785,0.459907602478,0.655016574296,12
I,-0.574558133142,-0.432148793647,-0.107990865729,-0.790777458948,-0.93660845827,-0.584789671821,-0.674140040962,9
M,0.716263731425,0.777187450261,0.728888255144,0.922353417683,1.07072357289,1.12139714297,0.655016574296,9
I,-1.15750994295,-1.18798394609,-1.18397830685,-1.20784324975,-1.16865694223,-1.18697325351,-1.1698795353,8
I,-1.44898584785,-1.49031800707,-1.30353246698,-1.33530834473,-1.30157791848,-1.3329571521,-1.28483362095,10
I,-0.199803398268,-0.230592752996,0.37022577477,-0.136116731092,0.0907129852845,-0.178771953862,-0.350831675088,14
I,-0.699476378101,-0.633704834298,-0.466653346103,-0.945775014453,-0.873527316999,-0.890443459498,-0.925602103308,7
I,-0.532918718156,-0.583315824136,-0.944869986602,-0.729594213354,-0.483775979861,-0.94518742147,-0.832201908722,8
F,0.0500330916483,-0.0290367123443,-0.227545025854,-0.394106083347,-0.431959328103,-0.219829925341,-0.386754826852,9
M,0.716263731425,0.777187450261,0.489779934894,0.378842252657,0.775593947654,0.2865517229,0.0191767880782,8
M,0.632984901453,0.676409429936,0.848442415268,1.05185795419,0.854445374243,0.97541324438,0.870555484879,11
F,-0.28308222824,-0.280981763159,-0.347099185979,-0.57051777481,-0.515316550497,-0.666905614779,-0.465785760732,10
M,-0.449639888184,-0.331370773321,-0.227545025854,-0.623543254324,-0.654996220454,-0.44336777006,-0.674140040962,8
M,-1.24078877292,-1.28876196642,-1.06442414673,-1.23639543102,-1.22497938979,-1.25540320598,-1.14114101389,10
I,0.591345486467,0.525242399447,0.250671614645,0.00970333757331,0.0794484957718,0.108633846491,-0.0275233092146,8
I,-1.19914935793,-1.18798394609,-1.30353246698,-1.22415878191,-1.22272649189,-1.22346922816,-1.17706416565,7
M,1.00773963633,1.1299105214,0.848442415268,1.49339704323,1.57537270305,1.5958448134,1.15794069899,8
I,-2.07357707264,-2.04459711886,-1.66219494735,-1.47501008884,0.611132400769,-1.47437905387,-1.489595586,5
F,0.841181976383,0.726798440098,1.44621321589,1.00902968227,1.11803442884,1.1396451303,0.834632333115,9
M,0.757903146411,0.474853389284,-0.227545025854,0.285027942746,0.588603421744,0.0128319130398,0.191607916544,10
I,-0.741115793087,-0.734482854624,-0.825315826477,-0.96922859193,-0.916332377148,-1.19153525034,-0.900455897073,7
F,-1.28242818791,-1.33915097658,-1.4230866271,-1.22721794418,-1.20019751287,-1.07748532957,-1.21298731742,8
F,0.424787826523,0.525242399447,0.250671614645,0.200391119675,-0.118806519651,0.24093175459,0.428700718185,9
F,0.632984901453,0.626020419773,1.20710489564,0.623575235033,0.597615013354,0.719941421845,0.708901301942,10
F,0.258230166579,0.22290833847,-0.107990865729,-0.0341446551024,0.207863676216,-0.160523966538,-0.124515818977,9
F,0.632984901453,0.726798440098,0.250671614645,0.408414154694,0.221381063631,0.820305352126,0.40355451195,16
I,-1.99029824267,-2.04459711886,-1.66219494735,-1.47399036808,-1.44351048634,-1.38770111408,-1.47163401012,5
I,-2.40669239253,-2.34693117984,-1.78174910747,-1.56474551571,-1.52686770873,-1.4652550602,-1.57940346541,6
F,-0.49127930317,-0.48253780381,-0.466653346103,-0.718377284995,-0.754123728165,-0.621285646469,-0.566370585671,10
M,-0.199803398268,-0.0794257225071,-0.227545025854,-0.116742036654,0.0479079251364,-0.187895947524,-0.199954437681,8
M,-0.449639888184,-0.432148793647,-0.466653346103,-0.442032959062,-0.145841294481,-0.279135884144,-0.710063192725,8
M,0.216590751592,0.424464379121,0.848442415268,0.55015534032,0.0771955978693,0.313923703886,1.15794069899,14
F,1.0910184663,0.92835448075,0.0115632943956,0.696995129746,0.8161461099,1.24913305424,0.331708208423,12
I,-2.1984953176,-2.09498612902,-1.66219494735,-1.50254254936,-1.45252207795,-1.4652550602,-1.50037253153,6
M,0.383148411537,0.374075368959,0.489779934894,0.378842252657,0.705754112676,-0.151399972876,0.439477663714,10
M,0.424787826523,0.676409429936,0.489779934894,0.581766683877,0.613385298672,0.856801326774,0.367631360186,9
F,0.716263731425,0.877965470587,0.848442415268,0.886663191087,0.768835253947,1.22632307009,0.766378344764,10
F,0.383148411537,0.525242399447,0.728888255144,0.5532145026,0.239404246852,0.364105669027,1.01424809193,14
M,0.383148411537,0.424464379121,0.489779934894,0.0668077001277,0.059172414649,0.336733688041,0.11616929784,12
